2500
7.81807 1.06693
-4.5727 -6.73456
-1.19495 -1.64558
1.51435 -7.87614
-16.5873 -9.04971
-8.19141 3.25964
-2.90921 -8.54185
-0.633178 -1.17385
-2.06553 -1.92138
-7.193 3.86018
19.8429 2.01601
5.95306 -4.54683
3.1972 -13.6842
-9.55441 -2.90631
-1.31228 18.2884
-3.8819 -7.43858
-1.91 1.43009
2.97089 -0.373478
-4.54854 5.32155
1.76921 8.5546
-11.2327 -10.201
10.5942 13.2047
-2.93958 1.09203
1.78389 2.45245
5.08299 -13.6352
8.76369 15.3537
4.18616 -17.21
5.93698 -4.81624
3.07083 -7.58105
1.28209 -6.38485
1.059 16.0716
1.69615 -1.17024
0.693502 -2.49806
-1.33488 2.25477
14.4966 5.2594
-1.16337 0.303743
-6.11803 -4.99661
-7.20343 2.92442
8.46212 -0.0688053
-0.572446 -6.1285
-1.36393 -1.58565
-1.25576 -1.57254
-1.0136 2.79699
-19.9115 -0.52429
-15.6331 -10.097
8.66308 3.4035
10.6434 -10.6091
7.63869 -13.1099
-13.0443 6.76112
0.721954 2.84127
15.1921 11.6486
-4.78587 6.67696
1.36876 9.63225
-4.47648 17.2913
13.3626 4.41775
1.29833 -1.61036
-17.9408 1.84431
10.9239 -11.3548
-9.46246 -2.95376
2.74172 -6.23562
-0.938491 1.29316
-0.773845 -0.244099
-10.5549 -16.219
-1.55118 -2.51593
16.2051 4.81656
-15.3576 -8.04362
5.59778 5.9772
0.0209262 -2.57737
-6.26402 2.98006
-15.2043 -2.64011
-1.84464 2.18567
1.78613 0.945365
2.72707 -1.46543
-0.981319 -2.30364
-0.361246 -15.6767
-2.6186 2.6749
-0.837294 -15.2305
-18.6673 -3.46994
2.13508 2.42494
-16.0209 -10.4543
7.63337 -0.626206
-2.70714 2.94869
-1.42969 -2.15187
-11.4885 -14.3676
-18.6638 1.68294
-2.98463 -0.642273
0.457191 -0.484138
13.7582 -13.8752
10.1547 -17.0869
3.38337 -6.03497
-1.57084 -1.31105
-2.49378 -0.0106605
11.3778 -10.9196
0.235509 1.19358
-1.97148 9.3566
4.39011 5.47721
-1.07928 7.65449
-0.0701216 1.19742
2.24505 2.25326
-12.8425 7.07648
-1.76159 0.20357
-5.98526 1.9059
2.10261 17.5725
6.45228 -4.37355
4.63224 13.4057
-0.801383 2.19143
17.7527 -0.390008
1.26955 -17.6416
-0.45033 -0.622664
-2.33221 2.05882
8.3004 0.402741
-16.0951 6.0632
-0.525779 -8.36829
15.237 0.385326
10.4236 12.6753
-7.99821 4.7697
2.66164 -1.25998
-6.28233 -18.2085
6.81945 2.49137
7.63352 -14.9232
-5.01493 -5.98659
-2.51219 0.580286
-0.821218 0.0772348
2.4908 9.68337
0.132501 -2.30673
-10.717 -14.0754
1.92834 2.19905
16.8987 4.3249
1.76407 0.230549
-7.61668 2.7204
1.51058 -2.18563
7.82668 2.06074
15.7187 6.14707
-0.469476 -0.715137
-1.24574 0.456744
-14.7008 -3.77489
-2.59584 -5.89967
16.52 7.58068
-6.45406 -13.2908
15.2745 -3.01948
-3.89962 5.32129
-2.52355 0.93406
1.70213 -14.5137
11.8309 -14.848
-2.7527 2.62412
-0.463674 16.7526
-0.837616 -0.891828
1.81732 1.01475
-5.23335 -3.93731
4.99315 15.4804
-2.34741 7.97047
-2.68218 -0.664549
-1.01502 -2.67956
-14.0838 14.1122
-15.6989 2.92961
-7.53093 -5.78773
6.42385 -13.1737
-1.07413 -1.93609
-2.60579 -6.01362
-12.195 10.5975
14.7887 1.7036
9.10696 -1.29653
-11.3395 -15.4577
-6.34883 18.6664
8.21629 -0.723134
8.31201 -15.4164
8.45027 -0.460737
7.4052 6.00208
-0.968397 -14.5648
7.65743 -0.457698
2.05171 -1.62609
-0.991406 8.88522
-14.6304 -11.6529
15.846 10.013
-1.05957 1.81525
-2.99624 2.86376
-12.579 -12.2707
-3.53211 4.85664
-1.54175 0.892994
4.48392 4.31132
-5.8939 -1.17941
-1.06136 -16.8104
-17.8714 -6.17582
8.38946 -0.0510618
-16.057 -5.84095
14.2517 -11.3777
1.71896 -0.978045
8.38343 0.198962
1.0976 18.4584
-1.63617 9.56307
-9.67225 -10.738
-5.04198 -7.16151
0.198974 -0.997835
-1.79519 -7.43016
9.22823 -11.0035
-17.3446 -1.51826
1.97668 -2.99785
-1.43911 -0.728226
-2.95982 -1.62916
-1.72689 0.197141
-12.5331 -9.57429
-5.357 -8.25653
-5.53818 5.10495
4.72646 -7.29037
-3.75319 -17.1154
14.8637 -4.13257
-5.26159 15.1944
-5.60164 6.27336
-1.8587 -7.73826
-0.156152 -9.27301
2.66321 1.97707
-2.62565 2.69887
1.0716 -1.06416
1.44483 -2.17759
6.71195 12.9934
-2.82258 0.537063
8.15413 -13.2283
-0.221354 -0.887537
-1.42492 1.78462
15.6025 -0.912308
8.65426 15.9984
-12.7755 7.7007
4.76077 7.18151
16.7156 2.20816
1.69325 -6.8287
0.426477 1.0031
11.0847 10.2307
10.6982 14.1211
7.618 -16.5679
4.01921 5.77723
-0.732589 1.34138
-19.341 4.71339
2.41556 1.04191
12.7923 7.83137
6.65293 -3.21942
1.01939 -1.99037
-1.3109 2.59976
-1.12351 7.55317
7.85815 16.7948
-7.58002 11.886
-12.1196 12.7984
2.24062 1.92578
-14.2519 -3.36852
0.373604 -2.28248
-2.29139 -9.07511
0.541071 -15.6926
-2.92779 7.14654
-4.15583 6.73674
-4.82161 -17.4353
4.5178 6.2666
1.18567 0.68953
-9.39153 -3.35571
3.39044 6.08942
-2.06727 1.67186
7.16781 -3.39079
13.4994 11.3903
-0.746962 2.83084
-14.8181 7.2142
-4.29007 8.10389
1.63564 -0.888508
-0.156739 0.451628
-2.48135 -14.8585
-16.4904 1.32585
5.53064 2.47688
-0.0768876 -2.48125
15.4318 12.1756
7.53216 -12.1214
1.65854 -0.453203
0.45185 1.14947
19.0676 -0.889286
-0.907299 1.13778
0.700931 2.74142
-3.18926 14.4248
12.562 11.7547
-2.33875 -0.155031
9.76272 2.1281
17.4501 -1.68324
14.5524 9.20968
-1.45272 -1.6014
-15.1662 0.530846
-1.08876 2.95182
6.06883 -0.555206
-8.07061 3.73847
4.68901 -18.762
-6.80361 2.09342
0.159986 -1.8059
-4.61022 -5.68586
-3.53402 -14.5508
-14.812 -11.4448
-5.12877 4.53777
-2.54563 -2.99683
-2.00135 2.30716
7.36278 1.43268
1.11592 0.901868
-8.24695 -17.1265
4.62312 -8.73122
10.4226 14.7992
-16.3434 3.75406
14.2007 -3.50243
2.92935 1.26976
2.44311 -8.63568
8.7168 16.6993
1.1026 -1.85551
0.367342 1.32599
1.86618 1.79076
1.49695 -9.70186
-0.727798 -6.33465
-3.01442 -19.6773
-10.0918 -14.7169
-3.80487 -5.03996
2.93638 7.54344
11.4344 -13.6641
16.4707 3.05857
15.498 2.59148
7.04399 6.6586
-4.24738 4.72932
-3.9436 -5.44488
-5.04559 -14.3593
-8.91115 2.00653
5.29678 -18.3932
-9.68256 1.7863
3.98243 6.99166
18.4763 0.229818
-19.5001 -1.07868
8.45225 -16.7934
-9.45954 12.5887
-13.481 12.395
-7.33514 -2.41195
-3.64304 -8.39368
0.906826 6.55011
-10.4409 11.5482
18.9504 2.5361
-8.95625 -2.09571
0.781529 -15.758
6.91024 -1.48088
6.39645 -12.8818
14.9388 -2.19215
6.56235 -0.302439
19.6554 0.559059
-7.54474 3.31522
-9.44096 1.32254
19.1401 -1.04161
5.7022 14.2785
10.9614 -11.7842
18.901 -4.98035
7.11888 12.8772
-12.8133 7.42533
-18.3166 -2.25755
-7.36462 3.50836
6.99585 1.18893
-15.248 -1.71874
-0.450953 -6.83533
-12.6083 -6.54359
15.6326 -0.308793
4.78536 17.6291
2.66713 5.78578
-3.61156 7.19341
-6.62542 3.13469
15.3067 -9.58403
-3.57047 -5.4842
4.10227 4.85026
8.32421 0.983976
-0.304 -18.7687
3.49538 -9.25529
0.449743 16.7478
-6.37297 -2.31267
2.71535 -8.92278
-11.5325 -12.0664
6.64095 -6.76898
8.1563 3.7506
-4.73209 -6.12171
18.0279 -6.07583
12.8037 5.84432
-4.38168 4.36656
6.8842 -6.95872
-0.558714 8.53663
6.47606 -3.66346
9.73733 16.4434
-6.86016 -3.47902
4.94471 4.36518
13.1874 8.76854
-5.96206 5.72928
13.7004 -9.53364
-5.29542 -15.7624
-3.96068 -17.3401
5.14938 14.0819
-8.03967 -3.65722
-8.78113 2.73576
8.08478 -1.70375
-13.4845 -13.9302
-12.0494 -15.6854
6.22848 -0.15621
-15.5143 1.46512
2.14736 -6.61164
-7.77275 3.1337
1.98216 -17.388
7.46753 5.34645
-16.5237 2.26638
-18.9179 6.26252
3.27375 16.5631
-1.19885 -9.66837
-15.9553 7.61008
-8.20413 -15.3071
3.12584 8.54514
3.48371 -17.2756
0.281889 18.4052
1.53126 -7.75125
5.66888 -5.09905
-10.6669 10.3234
10.786 -13.2068
-14.7218 -0.098464
-9.82654 -16.8255
6.98089 -14.5592
8.72155 2.28258
-11.0512 -12.3134
1.74204 -17.5
-14.9177 -12.4602
-0.802846 6.48408
17.2211 2.67778
14.6657 8.84198
8.22585 4.2291
-5.91939 16.5392
-6.24909 4.69379
7.54657 17.1914
6.02676 -4.64887
-7.1611 1.91006
-3.46246 -5.15777
-4.68619 -17.8075
-15.1189 6.63175
17.6668 -3.82515
4.81134 -3.74023
16.0823 10.9728
-17.6079 -8.50103
2.73166 -5.56637
-0.980537 -16.302
-7.2024 -14.7115
10.5753 9.93574
15.9706 0.327034
-13.8283 4.5624
12.6356 9.63751
-17.9136 -8.80184
-6.70418 2.46835
-6.15112 1.5885
7.33888 16.67
-8.74406 12.3314
9.21064 11.1102
9.26415 11.6941
16.4119 -10.4022
-6.00919 5.49624
7.46377 -6.28242
-7.55074 -3.49679
18.4272 1.76011
-6.8781 -3.62034
6.3127 0.342875
-14.43 -3.80973
-7.92614 3.9557
-9.6921 14.945
4.96549 7.09938
-2.13858 -8.14268
3.91307 -6.23257
18.2013 -5.70082
-5.09295 -3.34218
-6.77581 5.69634
3.94973 16.4171
4.41715 -17.3391
19.3974 -3.58425
1.62374 8.54994
-6.49686 17.0006
-15.8588 5.3626
-4.40271 15.562
4.5806 19.2722
-9.24591 2.30848
-9.56642 -2.36868
-9.15286 3.10397
7.63693 -0.387004
5.63796 -4.94935
-4.90361 16.8702
-4.85482 8.41614
9.68914 -1.14564
-3.67745 -13.5491
-9.3579 -3.21179
-11.903 -14.774
-13.0125 -10.7534
-4.58984 -6.59623
-7.52532 12.5195
18.9932 3.78621
-0.978767 16.7699
9.52572 0.637171
6.72908 -1.72863
-7.46132 1.93244
-2.5577 -6.34354
11.796 11.2289
-8.41726 1.70965
-0.322798 -19.3698
-15.8889 -9.17613
-9.03442 -2.62959
7.23649 -5.3285
-1.86716 -6.34269
-9.30157 -2.24851
-3.78844 5.15088
4.73274 -6.24329
-10.6799 -12.249
8.26947 -2.49186
-4.87301 6.58856
-5.79196 3.69631
5.43196 7.73065
6.93114 2.093
-2.76924 6.2509
4.43177 18.4979
-5.4909 14.4988
-4.82314 -6.98073
-11.5582 -11.2652
-2.25459 17.6494
-11.1183 9.99274
9.2804 -0.940191
16.4775 0.912874
1.62868 -8.99134
9.72061 1.01676
-8.00631 2.28291
14.9376 -0.712818
-14.3434 9.75111
14.8601 -6.38006
0.595763 15.4953
-9.55086 -14.9259
6.49262 6.98481
-8.24601 -3.48436
-1.06947 8.24944
-2.98575 8.32791
5.25814 15.8841
4.61492 7.20534
1.89582 -15.049
8.47079 -4.74375
-9.06667 3.73094
0.882184 -8.60071
14.0527 -11.014
-10.9325 9.13353
-0.542103 -8.13112
-6.95251 -2.19002
10.4573 -16.6896
-1.26309 9.56939
-4.84269 15.3576
6.62199 -6.74279
4.29621 -19.342
-0.18154 18.1716
-0.859813 -16.3888
-17.5708 1.85268
7.57291 -4.35228
18.461 -2.86995
5.90156 5.39822
3.49759 -6.07168
14.4619 -11.5651
6.27004 7.27916
14.2733 11.2539
-9.15256 2.79138
-12.3916 14.0698
-0.510488 -19.1502
-14.8476 1.10685
7.89639 4.0978
7.39121 6.34238
2.09356 15.5235
13.7739 6.63104
-10.7633 -16.5933
18.1705 -6.70654
-0.0759903 14.0592
18.161 -5.60893
11.4633 -12.8813
15.444 -11.4575
10.2807 -11.6492
-14.5412 3.29759
-18.4562 1.88637
-0.164514 -9.62662
0.1542 -8.22785
3.06776 17.5871
-4.60191 -7.86858
6.30874 -16.1369
-5.13627 -6.02852
-1.22171 -17.3895
-8.91752 -1.30539
-4.17166 17.594
-18.6941 -4.63028
-0.955808 9.29965
11.7814 -10.1724
2.21738 -13.8377
9.29883 -2.58341
8.09746 1.76876
5.39105 -13.8543
4.22358 -8.45931
1.87184 15.1066
16.5953 10.9927
-17.2358 -6.92445
5.49236 5.06654
-10.8138 -14.2144
-9.05206 3.09205
-10.4888 -10.7056
4.72404 -5.69312
7.62935 -5.56922
17.7751 -7.80781
-9.4065 -15.4026
-10.6243 -16.6923
-7.70181 1.88716
8.03641 0.499069
11.0014 -12.1928
16.2873 -5.36596
7.67997 4.97492
-6.93388 15.5059
2.62291 8.48539
6.39324 13.4608
0.411409 7.91314
-6.58203 2.56407
15.8149 2.81083
19.5549 -2.61199
-7.50415 -6.45172
-14.6742 -13.1215
7.20745 2.39396
17.4013 5.57684
-7.23164 -3.28392
-0.863466 6.19319
13.5314 -7.55053
7.06446 16.8072
2.90647 -8.5786
4.64711 -7.75571
7.67765 17.9646
6.44191 17.1904
-7.12627 -5.29873
0.64913 8.12772
-3.54755 -19.491
-8.05341 -1.94348
-9.95162 -14.0569
0.382801 -8.68527
-0.820742 -15.1052
6.07698 4.85017
12.4433 -14.9813
-8.22195 -3.91019
2.17857 5.80207
15.9837 1.32425
15.2329 -7.81978
2.36614 13.926
3.69092 -8.39285
-1.51058 6.20859
16.5942 3.29666
9.43778 17.1882
11.7594 12.2533
-10.837 11.8528
7.77806 -1.15517
3.47808 -7.12385
-9.63218 -1.30025
1.46045 -6.40889
-5.94767 -12.9907
-9.87762 -12.3412
9.80811 0.573023
6.29864 15.9524
5.82948 2.93518
13.1043 -6.34615
7.07009 4.6884
-5.57892 3.88829
-14.158 -8.19546
-19.3664 -1.68865
-1.8349 -14.1612
0.441201 7.76883
9.35074 -0.803932
-14.1007 -10.0161
-9.40717 3.0738
12.786 -8.99651
-11.097 -15.3376
-6.48961 7.05715
-5.66671 -16.1183
-8.34374 12.3429
-14.0394 5.48867
-7.38188 11.9208
15.6498 -10.4909
-5.08808 4.51439
3.18655 6.30856
7.69645 2.82471
7.33685 3.15087
5.69995 -2.85937
-1.49033 -8.85165
4.32279 6.21162
7.40913 1.50746
-14.9873 9.80402
3.8127 -6.38863
7.14048 -0.149019
-2.91121 6.00304
3.21028 -6.96161
-16.3934 -4.01309
6.24833 2.72368
14.4106 6.62776
-8.28519 -0.0751921
-1.78949 -9.56357
6.06021 -2.98421
6.65305 -1.71595
-15.0672 5.81036
4.10487 -8.70381
-6.56647 4.85823
-4.22747 -7.28627
-3.67345 6.54807
0.145248 -8.03636
-12.6834 -10.8126
2.05303 18.169
13.6465 6.04707
12.0593 9.46164
15.9071 5.60015
-4.04617 6.62461
-7.50389 -4.05663
-1.32381 7.16319
-19.7438 -0.198645
-4.03315 13.817
-0.259721 -6.45415
12.1451 15.7184
17.8623 2.32751
-1.18424 -6.11618
-15.1063 8.68343
5.62984 2.75342
-8.31299 14.461
-4.76401 16.2648
-6.48621 -5.5047
-7.3786 -16.4313
-2.14216 -7.13064
-8.27716 5.40453
7.03748 1.28389
2.7323 16.9444
-8.13356 17.8762
6.26876 1.11076
1.41694 -8.26955
-4.91144 5.71151
15.7847 -10.2252
-0.0901749 9.65622
-3.00471 14.3992
5.21253 -14.1032
-14.2644 5.90002
-1.8981 -7.7358
8.45909 1.06251
-13.6474 12.7297
7.329 -2.84173
15.9948 -7.92279
10.9825 9.85859
-2.35541 -5.64862
9.28806 0.171759
-9.7122 2.21038
5.81125 1.60495
-17.6248 5.20111
18.0216 -6.49356
-8.04315 15.041
-8.79542 -1.46622
4.0634 -4.88036
2.13351 7.00955
-15.9296 1.10193
9.7092 11.9474
5.77173 -5.9396
1.87693 9.3569
9.05062 1.1148
-0.139648 18.5765
15.5402 -0.135283
-16.5809 -9.04354
13.6689 -7.04264
-2.32671 -18.8183
8.00363 -4.47778
7.42092 2.48743
-6.24513 7.18054
-2.86243 -8.08949
0.819448 15.8074
-15.9086 -3.55424
-10.6673 -12.5322
10.7637 9.80551
-15.0424 -8.79908
-9.1431 1.58302
5.17935 -6.79584
7.48719 17.9156
-7.4216 16.2186
8.11936 17.1493
11.9982 -8.37403
-4.82234 -7.50377
-13.7477 9.18726
-14.9681 12.5139
9.58115 -0.850185
11.2709 15.2751
5.07804 -6.46212
-7.60593 5.90804
-12.8098 9.11723
-5.36891 8.30094
-14.178 -2.75775
14.048 8.45058
-2.97315 9.08014
-6.04615 -14.8564
-3.12959 19.1187
-10.351 -11.2986
-8.4283 -1.46444
-14.5219 7.15245
0.902925 14.2295
-5.79365 8.14572
-2.6178 13.7786
-19.4777 4.37005
0.826483 18.1564
9.55157 1.6654
2.93476 -19.6553
8.62302 15.9083
-7.46585 4.50843
7.25806 -13.3154
7.26576 6.44247
3.2277 16.294
-14.128 10.3823
6.56916 14.5998
5.64584 7.39213
5.36328 8.0386
0.304918 7.87941
-7.00434 -4.88785
13.4523 5.81629
12.5613 8.30075
2.76087 8.06453
-5.97283 -4.58237
15.5377 -8.36423
1.86621 -7.23161
-11.2565 12.2721
-14.9217 -13.1602
15.0736 4.87267
-12.6821 -9.12367
-13.1572 14.2212
-8.93945 13.9278
4.09874 -5.05734
0.474412 9.6967
-7.49356 13.1669
7.50208 6.43951
2.56678 6.54691
3.89193 4.8061
2.12759 7.49803
2.36384 -19.2026
-2.82391 7.09757
-2.41308 -18.7867
-1.54273 -18.1062
-8.18438 5.53916
2.5716 -9.5161
12.6355 -13.8123
-11.6834 14.8655
-4.53996 -7.02926
-6.34097 -1.70954
5.2066 -16.8742
-6.20589 -5.32392
-5.24511 -18.4868
8.29738 -5.35407
-4.83066 19.3133
0.282873 -8.31797
4.49439 7.44994
-14.4941 10.9224
-11.0137 -12.4237
-1.7928 -6.46237
-4.4686 -5.85806
2.3721 16.7872
10.0668 -10.0532
0.0697923 -7.01161
-3.68821 17.8941
-13.0536 11.1446
-11.3207 14.2727
7.73039 -3.58207
0.829467 -16.0655
-14.8602 -9.07672
18.4563 -5.98044
1.21736 -9.59178
15.1313 12.9373
-8.47013 16.8148
3.8184 6.79328
-4.68451 -4.56262
-3.38995 -5.09743
7.31494 17.2023
6.21605 6.86383
17.4307 3.75492
-10.3937 -10.5129
-17.7635 6.90952
17.4409 -2.66747
5.67732 7.57694
-9.51875 1.51092
16.8542 1.95361
-7.51968 -12.9391
0.118439 -7.8829
-1.59418 8.25003
-16.4781 1.27517
6.35965 -6.86604
-7.25163 -0.410665
-16.8712 -9.12244
7.29135 2.10076
2.75957 8.82242
9.91934 10.9617
-14.8627 1.79348
7.3795 6.09133
-6.89627 -3.60292
-18.8938 2.12802
8.4287 -4.68766
1.25118 19.5979
5.58354 -2.87876
-13.814 -9.80732
-11.4734 9.82929
-8.0901 13.3986
-12.4677 -8.25812
4.67572 8.21019
-5.55324 7.68105
13.6727 6.18471
-2.54063 -6.11279
6.06165 -4.9044
-4.51835 13.682
-17.9861 8.74038
-8.10218 -4.98745
15.2084 -2.04769
14.8527 10.2772
-3.60372 -15.1458
-6.86506 1.49535
18.0525 7.48023
14.1965 -9.44153
17.7733 8.73358
-3.285 15.2676
10.6081 -15.0893
9.96507 10.8589
6.30627 -3.36449
-9.43217 1.09463
1.26861 9.76227
14.4384 12.914
5.47844 7.17491
-6.44293 -18.2498
-14.9341 6.20723
-0.447391 -19.3173
-11.0861 11.8379
2.48412 -17.269
3.17675 7.66996
-9.04054 1.1001
17.2385 7.0892
-3.70248 -6.41765
8.24946 1.50063
5.55063 2.35951
-8.5972 15.678
6.97207 0.642131
7.33083 -17.6054
7.15185 -1.11068
16.0799 9.3932
-7.79378 0.680217
17.7318 0.44241
-9.84818 -12.3288
-1.60429 -9.08189
-3.7763 -4.84423
1.92585 -16.3149
-12.297 14.7413
-7.76865 3.11681
1.54376 -8.25597
-4.12468 -4.55017
5.22972 16.3054
-2.97564 18.7945
8.41435 -15.7475
-7.17189 -4.4952
4.18558 -6.81101
-15.0815 -9.35199
-5.01346 7.24151
-6.75893 -1.5912
-9.36503 11.078
17.3864 3.53595
-8.68282 -0.672072
-15.97 -11.8994
-3.49195 15.8016
1.2041 16.7892
7.92497 14.4671
-3.85839 -17.6637
-1.23563 -8.52339
5.7728 -4.08505
-13.7946 10.1374
0.307829 7.42368
-8.35358 -14.6566
-13.417 13.6075
-15.4085 11.0704
-6.5493 -5.19874
16.9674 1.18533
6.0568 7.12768
-17.8538 0.131371
1.26603 -5.93164
2.94769 19.1959
-2.88718 -19.6127
-13.9607 -13.6492
14.9151 9.36761
-13.6987 3.27997
-8.75501 16.3709
16.2913 6.21867
5.82456 17.0584
-8.05853 -11.9189
14.5781 4.57092
-13.9497 -7.70866
-8.5434 -2.52325
-12.8272 14.4017
19.1266 5.23682
9.32255 -15.5286
-10.935 -9.9037
-2.97971 7.54611
2.65641 17.0842
5.12235 18.0327
-15.6292 -7.67914
13.0505 -8.04517
-1.63597 18.5669
8.3647 0.000112511
-8.84941 -3.81034
-17.6899 5.52298
-17.4761 6.72096
-5.34048 4.66837
7.90116 4.67138
3.97465 8.30329
-19.5166 -0.390615
-1.48594 -7.41562
7.43216 4.75577
-4.13492 -19.1648
2.0592 7.60474
-2.6144 -6.50693
-12.9692 -8.48691
7.51885 6.1176
15.5631 -10.0252
6.48477 14.7907
-3.67344 -5.10107
-15.7583 10.3405
7.54895 13.5858
6.16209 4.6167
3.37567 -14.8806
-6.57818 7.04336
8.6741 12.689
6.03594 -7.08431
-15.586 2.98328
7.44025 13.7431
-18.8382 -5.18566
-5.02618 5.70527
-11.9571 -9.00577
-5.81318 -18.9341
-7.45299 -4.53893
-2.71962 -6.09924
-1.65248 -19.6752
-8.27042 2.81146
-1.39115 6.66761
-14.2223 -11.713
-8.7144 12.3553
6.07995 -18.4437
1.21347 14.1987
3.78167 -6.48801
-15.3978 -11.1636
13.5392 11.8811
-7.42251 4.74797
-0.363723 14.8281
2.82481 -6.26292
-7.65127 -5.40972
7.14055 3.36017
6.21459 -4.13328
7.26919 6.78042
19.5041 -1.88493
-5.74773 5.85844
-13.7956 -4.61436
3.70876 8.2987
-12.5531 -13.9502
0.0812575 -14.353
7.61776 0.475492
3.03473 16.2168
8.30801 -2.94355
-11.503 -12.7496
9.55092 0.595092
3.83679 19.0949
14.548 -12.1362
-0.485912 -16.659
-16.3209 1.34635
-8.27618 -16.8285
-8.69824 12.464
-15.6524 9.3102
5.47424 3.2972
-7.12894 13.6792
11.779 -11.7795
1.54763 17.0589
9.0504 13.4492
-8.33116 2.18827
3.64231 4.87773
-1.42381 -17.9579
-14.2335 6.53667
6.08007 -2.53361
-7.71842 3.84771
2.34934 -9.41983
12.4846 13.6689
16.2556 -8.21794
18.3142 -7.62789
1.81034 -14.4223
-2.14842 -7.4376
-10.3234 -17.1046
-1.95009 8.52896
18.6188 -0.5874
1.85446 8.67409
1.80481 -7.09703
-5.31077 -14.0449
-9.22776 -14.1901
19.1615 -0.767527
6.36113 -0.463507
-8.907 -4.34979
11.6584 13.3549
-1.18994 -7.59012
-18.5064 -7.12338
-8.3511 -3.07469
-18.2272 3.41878
4.12644 -6.8574
13.2076 -7.05563
8.35796 4.84858
-13.3946 9.58934
9.838 10.7369
-1.61104 -6.3149
7.30271 5.96641
-5.98872 2.3781
-8.71532 -4.6233
-5.05816 -6.65834
0.0471259 8.55104
4.26291 -8.08208
3.44381 -8.58144
15.6163 -12.2181
-0.653682 -17.1224
-10.2814 -10.3971
-16.6358 2.07824
9.80364 -13.1732
2.04233 19.6411
8.24268 -2.00492
8.61216 16.2979
-7.92345 5.88281
6.38116 -0.00778347
-17.4279 1.86533
3.44481 6.47626
-7.31035 -12.7831
-7.59592 0.460847
7.82491 -12.1458
-7.67978 6.25145
3.95437 18.25
-7.34356 2.04483
0.980117 -9.49881
3.66413 -14.6705
-12.8292 14.5766
5.97009 -12.7205
-7.92169 -4.13462
13.1217 5.87059
-9.30379 -13.5762
-14.5097 -10.2043
-0.95494 8.32058
1.77075 8.8298
-15.152 9.76592
-17.0205 2.28634
-5.46673 -14.8596
17.7507 7.97934
10.5309 11.3445
7.48542 3.77852
-4.4102 5.36581
-8.56286 -2.38733
-8.70331 -11.9255
2.34878 8.52206
-4.79909 5.60143
-5.7943 2.40823
9.09077 14.6073
3.84209 -6.43126
-3.45262 8.52466
-5.07426 -6.15949
9.08211 -3.00281
-13.1073 11.2438
14.6503 13.1595
-14.2257 -2.70283
-3.65992 7.95041
6.34647 -1.51637
18.6918 0.395491
-8.8525 -3.21022
-2.21748 7.04987
12.7657 11.2908
1.5086 -18.4702
-0.740754 -18.8692
-9.43305 14.1555
-1.15348 -7.85572
1.81743 -15.3754
-0.51885 7.64301
-4.98563 4.15777
6.51127 -12.4038
7.38371 4.94026
-4.58028 8.69823
9.5014 2.01813
5.02585 3.88656
17.1719 2.56769
-19.0206 -1.97904
9.95174 -10.0209
2.10794 6.37442
1.92151 -7.37272
-12.2611 14.2456
0.848127 -9.33428
17.8057 0.720292
-6.94168 -16.965
-1.58372 7.89264
11.3379 -11.8046
0.208684 -6.63284
-7.75561 -0.0489153
3.29819 -7.61837
-7.36722 1.95545
-3.22437 -15.1766
15.5042 6.01336
-4.7196 -7.77321
1.07442 -8.78996
16.2868 6.32287
-1.43813 8.0732
-14.5188 -12.1482
18.9004 1.06647
-3.5375 -6.53198
6.18835 -6.29357
8.4262 -1.85236
7.64696 -2.64411
0.545529 -9.40756
6.1397 -7.42742
-5.87411 -5.30845
-16.8952 1.10695
-7.24984 -3.09573
4.13042 -15.0729
17.584 5.35592
-13.5761 -8.67731
-7.241 -4.45723
-3.43236 14.1855
-16.5429 -8.70678
3.25838 8.33286
-17.4788 -8.89544
1.03602 7.58026
-5.00647 -17.7053
1.02077 -9.11869
-5.85269 1.40835
-8.20381 -0.340915
-0.309319 17.6612
-1.86399 -7.97941
-1.80109 -6.03826
6.60581 -1.51677
-2.53793 8.42943
3.45887 -8.80831
17.2229 6.68194
-1.44897 17.5973
-1.36022 -15.7046
5.99457 -18.4575
-6.60943 2.9811
-13.1557 14.2111
0.734762 18.9485
-19.1283 1.16952
1.57021 -7.78346
12.0406 12.3203
-3.89018 6.05923
3.75804 5.62734
-17.0296 5.23488
-8.45297 -11.8208
-5.48943 3.78768
3.9326 18.0219
9.77459 -16.3385
15.2731 1.02093
0.102489 9.30588
-12.2782 11.4636
-6.12271 2.03623
-3.04523 13.8891
-14.2776 -10.4977
-17.9248 -2.45903
-4.74995 5.46501
5.64492 6.31097
-6.76243 5.62334
7.84606 3.46191
-0.936579 -16.4549
6.1588 -2.03371
-2.86126 8.69006
9.94378 -17.0027
0.392357 -6.48892
15.1353 -4.12798
7.60307 -6.34941
4.4384 -15.7638
-16.2141 -1.604
-10.7166 -9.85341
13.1177 7.18634
13.7862 4.7035
-14.6593 -10.7402
6.33307 1.95564
-5.85812 -3.56452
5.10588 -6.51908
4.83081 -8.65468
16.4702 9.62596
-7.97688 -3.93212
-16.7603 10.8183
-16.9722 0.458893
1.88087 -8.45853
-4.91219 -7.68433
-15.7905 -9.56897
2.20495 -7.08007
-7.81372 12.7674
-7.81074 5.49084
5.4646 -2.89133
3.67894 -5.19003
9.37842 -1.42219
-1.28549 -18.7857
-7.26125 -6.73495
16.7278 -2.60237
0.779385 -6.46444
0.290821 -8.16488
-9.06159 -16.3644
-15.421 7.48102
0.494472 8.1955
-4.84662 6.92276
-9.46807 1.50017
-6.84217 -6.0072
1.61338 9.55617
7.0115 15.3553
1.48655 9.34114
-12.7354 -7.89559
-19.2674 3.65973
-14.6835 11.8277
0.1758 -9.00216
-1.57656 -15.7771
-7.84363 -1.70205
-5.49991 5.13228
3.52297 -7.82908
14.9167 -2.10392
-2.87484 -15.7995
-7.93548 3.25476
-6.93043 -18.6794
1.97827 15.0089
-15.9475 4.98091
12.5672 11.1768
13.6066 -11.5759
-12.0963 -11.587
-13.3328 -11.1368
14.798 -12.3196
6.1435 -5.91551
4.84285 -14.4629
-7.69762 15.2472
-6.38358 -13.5523
8.9397 -12.8741
-14.7306 -0.0438878
-11.2399 8.38712
9.21033 3.69915
-7.78409 -6.16049
3.62789 6.49461
-6.71678 -13.6427
6.00193 -2.46312
4.59777 -4.87857
17.6826 -8.35516
-5.43263 -7.57038
-6.76128 -3.2997
2.83556 -5.40012
16.4417 3.16025
4.17506 -8.16977
2.53354 -5.77513
-7.26056 -4.78935
-6.97747 1.39767
0.0797325 8.59845
-5.61651 -18.1396
-6.71988 15.3051
-3.27923 -8.03595
-14.1306 -4.72734
4.94556 5.55827
14.3803 5.22075
1.10629 15.7711
-5.38246 4.19151
-11.5035 -15.2325
1.28247 -6.35077
16.5487 6.09983
3.09368 -9.48803
-9.85479 0.638224
-1.5778 -6.4134
15.5364 1.3245
-0.140008 6.47442
1.97817 9.44793
-16.3644 2.14143
-4.09621 5.9195
4.78012 6.33792
8.7302 3.38716
-4.63923 -18.2433
-6.43723 13.2711
19.0481 -0.43367
4.36466 -4.87942
-4.05769 -16.4695
17.1317 7.54571
6.78842 0.112209
8.52564 2.88382
-8.11604 -4.42621
-4.00395 5.61142
-3.20763 8.7329
12.1576 -12.2539
18.06 6.46741
13.5087 10.8581
-13.9037 -10.9832
14.4445 1.28197
15.1682 -5.1327
-0.751414 7.86217
3.88144 -4.69202
-16.8946 -9.28419
-3.13824 -9.35165
-0.603245 15.3561
6.44178 -5.22866
-7.8639 -2.69036
15.9327 0.0241202
-5.1863 -8.20384
-3.25635 -8.10483
-15.1716 -7.36119
7.21329 -4.74185
-11.968 11.4926
-1.16719 6.03835
-3.99688 7.45615
13.1717 8.2511
-7.17089 4.69976
4.80502 -6.23254
-4.47714 -8.32266
-1.81166 5.81991
-5.23842 -7.81255
2.58093 -6.53538
13.1598 -6.75676
6.55054 6.80817
-2.04239 -7.97229
-18.5917 -5.94226
-2.79103 -18.4445
-8.24084 0.796364
6.96631 -0.851884
-15.0496 -5.8842
-0.238625 -7.40715
-1.33433 8.56721
-2.44544 6.60375
-10.8775 11.8982
-14.9113 -9.60369
11.7217 -11.7244
-9.37922 -0.685522
-17.6786 -8.07072
-6.69922 6.53932
2.13684 -9.079
-4.23653 -5.79732
10.8667 -15.0396
-2.38521 -8.81263
7.03783 12.6077
-13.3205 -9.85989
14.0683 -6.44381
6.74441 -4.2382
-10.8076 -13.9832
9.06615 -1.73058
18.4434 -5.39587
-5.0917 -6.73024
2.4885 9.05161
-8.26245 -2.83937
3.72491 7.37884
-4.92144 4.80235
-9.8708 -11.7066
12.7445 7.15679
-7.76038 0.861485
-10.7978 -13.7016
-3.90152 -6.88737
-6.20831 6.29585
-7.64358 -5.47268
6.06712 -5.87808
-4.82725 -4.25301
13.9851 -9.73428
2.78861 -6.59085
5.70277 -16.2403
4.75742 -4.86184
-14.8338 12.4324
-15.1275 5.25884
3.64364 -16.2402
-5.46972 -7.31527
-2.92892 16.6167
-2.59982 9.18801
-4.31018 -18.3926
7.87686 -1.13483
18.1149 -5.05098
14.822 -0.779734
-18.4479 3.81838
4.06402 8.08245
5.77257 -5.6812
2.07777 -8.35456
-13.8999 4.57907
-5.4216 7.64199
2.63024 9.62525
-8.58542 -11.3976
-10.1193 -16.641
14.2823 8.86213
6.95065 15.9358
-8.75803 -1.2625
4.42461 8.35014
-6.15157 -14.0747
15.1547 5.81547
-6.99641 17.2237
10.7788 -14.5749
-5.00525 5.31709
7.10308 -5.496
4.22435 5.81555
-5.28433 -3.13788
8.61012 13.8526
9.83199 -1.36258
19.3368 4.41002
8.10265 -0.512062
5.6805 -17.8739
16.8853 -3.89729
-3.08127 -19.0939
2.56636 -6.87683
-15.2893 0.254226
8.08156 -4.75802
7.86101 3.1042
-6.3256 7.35999
-15.4022 2.37529
-1.37463 7.7419
-9.70942 0.268683
-5.67489 -4.13164
-15.4576 -2.8309
2.97789 7.66396
-6.5836 16.8418
-6.48288 0.140987
1.20213 -8.13631
3.74994 -5.44678
-2.46716 -14.2071
4.70862 7.52459
-18.4167 -5.03667
-1.03327 14.1395
15.5562 -10.2557
17.002 -2.0978
-13.267 -9.40113
-6.92678 0.89331
2.75663 -7.32972
-4.90062 19.166
-17.0033 -1.03004
-8.1788 5.54779
-18.4209 2.13984
13.1918 8.39401
-3.06349 -9.01683
6.64964 -14.2539
-12.4706 -11.5974
2.14604 8.70079
-2.94024 -18.5821
9.51246 2.65157
-1.53715 6.48799
8.91605 -3.74203
1.42116 16.6871
9.58293 -0.47345
-15.9446 5.95033
-5.19597 -3.55969
-10.7618 -9.53499
-10.4403 -10.9988
0.674998 15.0966
-3.87182 -6.87784
5.442 4.88609
4.39302 4.98331
6.08311 1.31505
18.6567 2.94002
-2.65116 -6.44302
2.46729 -6.51888
-19.4242 -3.17796
-6.01186 14.9346
9.11309 14.4542
2.75895 16.2228
8.40039 -1.94963
5.61525 -5.38272
14.2898 -2.19446
5.57748 -4.27916
-2.29975 6.51911
-6.59357 4.47969
7.26599 17.7918
6.91212 -16.471
-4.85817 -7.26585
14.0431 0.996928
-3.5508 -7.18277
15.8516 2.43842
-7.52192 12.2669
-0.61931 -16.2741
-1.32565 14.0903
11.6606 -14.6302
-7.85398 -5.33545
-7.32533 -6.48417
3.86163 -8.50719
-13.1478 -10.1385
0.628615 -6.943
-1.22362 -14.0463
5.12536 -7.90624
3.0018 6.64555
19.9681 -0.343424
14.2731 -12.1321
4.17933 16.5673
18.3356 -0.966188
-10.441 -9.34397
4.66407 -6.17182
-7.04404 -2.53639
8.60295 12.0404
-7.03753 1.22921
9.14263 17.1206
-13.9292 -11.0601
-7.12628 -2.32388
17.4332 -0.407371
-15.5905 9.77532
-7.07851 1.95432
-8.38747 -0.401621
19.0948 -5.20407
6.77738 -18.6709
6.25293 13.3129
8.10844 -9.52287
-3.2292 -13.0217
11.5259 -6.19253
13.0363 12.7083
7.18757 -9.44738
16.3701 -18.767
-5.23979 5.75457
7.2254 4.66294
-6.58958 17.199
-12.371 -14.8844
15.227 5.40056
3.63419 -7.42888
-9.22573 -5.89204
-0.800105 13.4854
6.74243 -4.42506
-13.878 1.47757
9.04164 8.65611
14.679 13.7115
-14.7693 -2.8546
12.1279 -13.7458
-16.5765 16.9702
-4.14228 -4.73339
-1.55818 -19.7447
-16.9096 -14.657
-13.9596 3.3282
-1.04021 18.2697
-1.37081 13.1032
0.303233 -19.3075
-8.87209 8.67799
-15.0297 -6.09461
-10.4373 7.56318
5.83545 -12.393
12.2178 2.9413
12.128 -6.89884
-19.5813 14.4315
6.4556 18.2675
-1.74256 19.9186
-9.74331 3.57691
-7.07217 3.80607
18.6775 -18.6899
12.8333 -10.3261
-5.76916 9.06635
15.4675 9.00619
16.1343 2.70207
-9.38594 -17.6886
-19.6194 -1.13516
-5.7868 12.0534
4.09778 6.14738
-6.01691 -9.46217
-5.24558 -10.3796
-0.35962 13.9215
-8.98654 19.5097
17.8458 3.18867
-1.16298 0.116478
-6.99843 -10.0023
10.5463 -17.5413
3.85554 -10.7245
-12.1905 15.5819
-9.0328 -19.5393
-13.217 14.5222
11.651 9.65355
-11.523 -15.1718
13.5702 -6.50606
11.3052 3.39001
-17.7703 -2.34378
0.419501 7.63006
-6.02493 -0.750295
-11.3724 -18.1322
-14.5472 -6.18216
-13.4679 7.68616
4.10301 -3.74861
3.44274 16.0724
-9.71215 17.1801
0.820586 -5.44442
6.51576 -14.238
-18.3089 18.8384
-9.03852 10.8651
2.59213 -2.50665
-7.37186 -19.8304
4.73881 -13.4119
-5.81828 -10.5545
11.4928 16.7915
15.4807 17.4065
17.7358 -2.93976
8.41464 13.1319
14.5332 11.53
12.3295 -11.0502
-13.8586 18.0099
-4.78973 7.42968
-16.8105 9.51842
13.8095 -1.63121
-1.00076 2.91952
-16.0345 4.05419
12.9328 12.6235
-4.89669 15.3135
17.8293 7.7939
-3.02235 -14.4181
16.9704 -7.03817
-19.5666 5.89236
10.5333 18.3576
18.8817 12.0896
-5.9024 -15.6195
19.2279 -11.9138
2.65819 -4.71709
-16.3118 -0.165418
2.28516 8.96962
5.76016 -5.97939
-5.4466 -18.5276
1.14908 3.39524
4.2873 -13.6445
17.7906 13.8882
-2.7457 -6.16938
-14.1983 6.08963
-12.0531 -2.75826
9.3987 6.76304
-1.04355 -3.56356
6.84054 8.8789
-11.2338 -9.6988
-0.969269 4.11503
-5.04611 -1.76637
1.71037 4.23893
-0.511239 -9.60623
-13.7469 17.8137
7.33298 -4.2218
-0.451514 -18.0667
16.9836 15.5982
-11.4003 9.64113
-8.2199 11.9509
5.9606 13.7512
13.8785 14.3857
18.332 -12.0254
19.7137 -17.3928
-2.87029 19.3148
-16.7651 -1.97593
18.4177 17.689
4.51124 9.49442
-11.2783 5.75953
7.95818 2.73096
-1.86779 -4.11237
13.0344 -17.5209
-18.4281 6.4971
-15.2102 -10.8825
14.4543 -5.38361
4.41261 3.31526
-2.16622 10.8181
-1.68798 2.47156
-7.91392 -15.6319
12.0972 -10.202
5.6228 19.5569
16.243 -5.92219
16.4068 -9.26862
-19.6728 2.60189
-17.3268 -4.94177
-8.1159 5.64868
-17.3211 -15.7552
-11.9519 -13.8614
7.75848 0.737926
-1.49408 14.6779
7.15236 2.70799
-5.50407 15.2226
-11.0233 17.513
12.9988 13.5724
0.593124 -1.78952
-6.58082 -3.95112
-6.39337 -12.2902
6.57062 15.4129
5.78581 18.0244
2.29911 11.462
11.2035 -15.6259
4.86221 -15.4619
1.87857 -0.210104
-13.1459 12.9758
1.83613 -9.42257
-14.4207 -14.9469
18.874 18.9902
4.60741 -5.97821
-12.8015 -12.3252
12.0491 -16.1755
-18.9216 -6.34439
7.45787 3.68215
19.0747 -6.54999
-8.05869 -10.0931
-10.7058 -2.85372
19.6651 -19.501
-14.8208 7.00041
-16.3181 13.9789
-1.94691 -4.93909
5.1843 15.0851
16.8574 3.40032
-10.0095 -13.2329
-18.0486 -0.219644
1.24541 -10.6229
-8.91072 -18.0316
-14.6319 1.06184
-14.1748 -10.0587
-15.4216 -5.57194
16.2549 17.9898
12.2931 -0.112877
13.6875 11.9286
-4.42423 15.9621
-7.94099 5.4893
-6.65009 -1.2186
11.3702 6.81487
-7.76849 -9.27995
-15.0697 7.32521
2.95636 -9.82215
-2.05122 -5.56599
-15.0695 6.6384
2.37082 -12.1519
-2.58718 -13.4265
16.4868 -11.5772
0.0613203 18.0834
16.6053 -2.66028
6.49927 13.4553
3.69427 11.8801
-17.2668 -11.677
-18.7209 11.1863
-9.84493 -13.701
-0.722673 -9.54226
-13.2189 -3.26111
13.6921 16.9582
10.9581 -3.87557
6.18347 -15.4391
-14.9037 -1.66172
-9.60978 -17.1655
-15.8875 7.81939
18.3458 7.45413
7.81783 -15.2289
8.63721 -6.74451
15.9598 4.19488
19.0801 -0.166699
19.0207 -19.6535
-2.96662 6.77391
-1.72362 19.85
12.6614 16.5831
11.0738 9.781
19.0232 0.480085
0.262154 -12.7212
-15.5258 12.2052
3.72538 5.35774
-2.00907 8.60573
18.3322 19.8362
-11.9124 -19.0218
15.179 1.3912
9.86762 -10.3034
-13.8616 -19.0215
-19.7174 17.9717
12.5341 17.1739
-4.87418 -15.0345
-3.82379 15.0896
-16.1113 -9.06122
-18.3199 -8.77276
2.43882 -14.3434
17.242 11.743
-7.92342 14.1052
-1.88659 2.24575
-4.36935 -1.19767
3.03402 5.45361
11.286 18.6224
5.96544 8.19459
1.99982 -10.3066
17.0638 -11.2835
-7.09868 -4.73954
-9.36057 -3.5963
8.2939 -19.3303
-14.2196 -19.966
12.1243 -5.86257
-2.65577 1.98879
2.73881 -3.64905
13.6144 2.8891
-13.061 -7.29571
-7.82658 16.2504
6.48702 5.67927
16.8026 11.2213
10.5975 -19.586
-14.7428 6.30901
6.7543 10.112
-10.2852 6.0049
6.44756 2.10745
1.88632 2.5676
-10.9011 7.15717
-5.86933 14.5604
-4.23859 -9.23718
0.990507 -4.80696
18.913 -11.2542
19.1613 -14.7097
-18.1751 17.8972
-10.1353 -18.4246
0.278001 -9.2033
-1.46044 -5.29522
12.9679 -0.981309
-18.2077 -7.81911
3.03947 -2.94521
5.47252 -7.89746
-7.60069 1.61828
-10.9048 -17.5392
8.35642 -14.8068
-10.226 6.76463
15.1802 7.54934
