2500
-0.0738592 8.58509
-6.36444 0.5517
-0.151798 2.17126
-5.73551 -5.84394
-11.1152 10.3204
-0.529787 7.50515
-6.85206 1.41267
1.0076 1.68464
-2.67836 -1.84542
-7.40625 0.337827
-17.0058 -2.70492
-7.8752 -0.273435
12.5099 -12.9634
7.72509 3.42277
-2.32686 15.5534
-7.37493 -4.22285
1.75592 1.50117
1.62936 -0.578013
-3.3759 6.50613
0.700079 -7.79561
10.6813 -9.4516
18.6045 -3.96288
-1.03852 -1.5611
-0.511165 -1.48616
-12.3974 -14.1066
8.82827 17.624
-16.2072 6.00018
-3.31321 9.09589
8.33899 -5.40489
-3.62279 -5.17064
-17.3813 -9.41665
2.21247 -2.65765
-1.53764 -1.30616
2.03544 0.761485
-14.2231 -7.86098
1.90297 -1.63778
8.05119 -2.7135
5.39254 -5.84109
-9.76638 -0.166426
-5.87682 -4.05552
1.73091 -1.41416
1.66834 0.198326
0.193689 2.39476
-11.5746 -10.7034
-15.915 -4.43628
-2.69788 -5.53711
-8.45463 -17.6967
4.45677 15.459
17.1455 5.61557
0.513152 -1.26641
9.35255 -16.9471
-4.61449 -5.26744
6.16179 -0.902175
8.37185 -12.7469
11.211 -12.7635
-0.42184 1.68388
14.5448 5.33753
-16.1549 -1.41615
-7.40901 5.70234
6.69576 1.35593
-0.991815 1.57424
1.28705 -2.04568
6.80165 17.4987
1.85061 -0.659456
-0.0157857 14.7508
9.85286 13.0631
2.76526 9.08703
0.410876 0.704262
-5.85198 -2.33173
14.1375 -10.5564
2.50764 1.13305
-2.59028 -2.4223
2.48587 0.25976
-2.26335 -0.919206
12.0322 15.5671
0.107098 -1.62607
13.2531 5.62553
18.7571 -2.00587
-0.53252 1.6451
-4.04131 -13.7568
1.54336 9.06542
1.51168 -1.78454
-0.725017 -1.4656
14.2534 -6.79551
13.2805 4.75049
-1.49661 2.72334
-0.137309 0.155409
16.575 4.02656
-15.0658 4.95431
8.05941 -3.26529
-2.84473 2.57608
1.62304 2.29136
-16.9572 10.1863
2.99535 1.43888
-4.63895 5.20625
1.27528 -9.00391
-6.83825 -2.77974
-2.14338 -1.35987
0.805879 -1.19911
17.0565 9.45029
-1.29452 -2.9543
-7.02881 -5.57657
-18.2834 3.2883
-7.52773 -4.60974
14.8906 9.02986
2.21732 0.642462
-5.73469 -18.435
-1.92878 15.2904
0.5918 1.19341
-1.32745 -1.21887
-5.37686 3.30677
-9.56761 -12.4913
-0.483758 -7.30456
-0.660116 16.8592
-17.6522 -3.33337
4.35811 6.80289
-0.767936 -1.47954
17.5673 1.52808
-4.91554 6.48604
11.8612 -14.3519
-6.20939 -5.96348
-2.28062 0.593272
-0.859718 -0.504672
-0.508795 6.2718
2.12586 1.5462
-5.57754 -16.0903
-1.70716 1.81393
-15.3775 11.9412
-1.34782 0.0684518
6.73865 4.19647
-0.553078 0.901758
-2.97511 -5.38331
5.62146 -17.3897
-2.9054 -2.02119
-1.11849 -2.22417
15.7527 -9.61157
-4.64704 8.78366
13.8999 10.9627
-13.0139 -8.31206
2.62274 -15.3964
-6.92015 -0.652554
1.27492 -1.65456
6.72342 -12.362
6.11538 13.4477
-0.819694 -1.78911
-1.50149 -17.5066
0.367467 -2.84633
-2.37852 -1.2007
-9.01817 -0.488812
3.48436 -17.658
-0.262477 -9.68386
-1.0181 -0.946576
-0.136464 -0.59333
15.8051 -10.58
15.7866 1.07626
3.11651 -9.26102
19.3411 -0.0511194
2.7448 -0.479857
-7.34714 4.18987
0.77619 -19.606
-11.9478 8.83915
-8.01194 3.32779
16.8516 -2.13247
0.390763 -17.4376
7.15769 2.80831
-2.16265 18.8219
8.71546 -0.472936
6.13776 -3.68078
6.21519 -16.3535
-5.64058 2.76767
0.745153 -0.820262
3.66327 -7.55247
-5.53518 -15.3222
0.493174 19.9716
1.91835 0.327454
-2.32892 1.15294
12.5282 -13.3849
8.64032 2.78991
-2.56119 0.971054
-6.84275 -3.52642
4.25857 5.40748
-10.7848 15.988
-19.2022 -3.00729
-0.397096 9.1123
-14.2923 -11.7552
8.72588 -16.2129
-2.00682 -2.22244
-6.05069 -7.66356
19.7145 -1.96964
5.41644 5.90512
-1.80206 -17.2718
8.8964 3.08231
-1.20354 -0.452992
-7.38906 -1.15994
-3.17727 -15.4472
7.90385 16.5882
2.49042 -1.54016
-1.4114 -1.76221
-2.47911 2.31072
-2.20851 2.33427
18.0322 6.87535
-9.33812 -3.11474
7.11836 2.93157
6.14218 -4.90363
1.55266 -15.3923
-17.2813 1.60058
-7.95345 15.8765
6.184 -7.01761
-7.75959 -2.7753
5.45862 4.13488
-0.0577746 1.77579
-1.80738 0.385807
1.63117 -2.32913
1.36309 -0.452498
16.6065 3.56509
0.994872 -1.90298
11.0245 -13.808
-0.814092 0.317503
2.92986 2.5847
10.9082 -8.81298
16.5937 9.69644
12.2587 13.9031
-4.70136 7.86446
-12.6953 8.84171
-4.62567 5.17948
-2.70545 1.69739
15.6478 -9.03721
13.2831 10.706
-15.4171 10.6009
-0.962082 5.94151
1.96644 -2.69721
7.86582 -13.8363
-0.1532 -1.11253
14.8155 -5.00393
-4.51547 -6.25732
2.122 -1.31315
1.32197 1.67847
6.49327 4.73618
18.8457 5.79828
-9.86609 15.5505
-1.67153 -17.8479
2.96528 0.520766
7.12036 -13.5994
1.93114 -1.34067
5.64054 3.4604
11.7714 9.72491
1.45905 7.60468
-4.99432 5.09708
5.47972 -14.2934
-1.9373 -6.08841
-1.91173 1.81223
-0.52546 -7.58288
5.21179 -3.55287
0.573273 -0.591491
-6.89219 -0.72819
14.79 -5.35123
-1.89778 -2.62751
-18.5726 0.973011
4.94617 5.67323
0.20069 -2.68243
-2.76849 2.584
-17.5804 -3.17846
-0.119224 14.3641
4.41224 -8.18208
0.0208832 -1.3244
-7.92185 -16.3154
15.5298 0.750141
-1.4693 2.62632
-1.16891 -0.0288911
14.2638 -4.7055
-1.51398 1.75178
-1.86603 -0.163959
14.0928 6.93321
15.2282 10.6777
0.985077 1.97655
-3.10616 7.63291
-0.990155 -15.5924
-11.0072 -14.8437
2.692 -2.89302
-3.79926 16.5131
0.0539586 -1.25671
4.06213 9.09703
-7.76257 -4.23716
15.5157 -6.60293
-5.53791 -6.5296
1.19674 1.48487
7.25018 0.958229
-12.2082 -6.89138
-9.43034 -13.1548
-7.74895 -5.61941
-1.64522 2.40515
-2.98882 -1.10815
5.29808 -4.9322
-0.775711 -2.20121
8.53745 -13.9418
1.91533 8.23944
-8.39145 -15.4876
13.1209 -7.8062
9.20122 16.3633
-2.2492 1.09851
7.03445 -2.90198
2.88487 -19.1666
2.02467 2.64646
-0.352003 -0.816979
1.8207 -0.733071
1.52265 -9.50269
-7.79827 -3.91718
-17.3912 4.32082
18.874 3.51628
-7.16493 6.00748
-7.89384 1.20883
-8.83065 -17.3755
19.3165 -0.185065
-14.0601 -6.17008
-2.82519 7.94557
-2.53424 9.29624
6.33103 4.35148
18.8906 4.89907
-4.75577 -5.31771
15.8979 0.286536
-8.30632 -5.54052
-9.46251 2.60364
-15.2004 -8.63938
19.5505 2.98156
1.9645 15.5414
-4.37627 -17.5534
-13.7247 13.3364
1.14118 7.13499
0.944851 -6.54587
-6.50806 0.717995
-14.6538 -10.3556
-4.29761 -15.7079
6.82198 2.03284
13.0183 -7.13875
8.66892 1.65433
10.2397 16.3012
7.5452 -13.5079
5.62106 2.92565
-16.6512 -0.484848
9.45249 -0.996547
-5.71025 -2.87359
-15.9633 -10.2626
-3.35796 14.2635
17.4839 8.94319
16.6478 7.09011
-16.3277 -6.5655
-15.25 1.32023
-11.6332 13.9078
6.73437 -4.93843
2.74204 7.67917
6.19859 -14.692
-6.02947 3.7922
13.0949 5.83006
14.8854 -7.69836
4.7767 -17.3762
-6.10041 7.21779
-0.640716 8.64234
-1.11745 -8.42256
-6.67606 -17.0826
-7.23159 -5.13323
-8.70638 -0.192676
8.03446 3.95041
-14.5378 11.6699
8.96786 1.34694
-18.6955 -6.15158
-7.93387 -1.2041
6.74342 -0.866832
-13.2873 -14.0662
7.30802 2.65215
8.70853 4.21084
-7.98668 -3.90519
-12.3464 7.65531
-10.2262 16.1152
-7.08923 0.542228
4.47381 -6.2995
1.019 6.5913
4.11155 -5.76704
-1.62109 14.7695
-7.68654 1.55723
8.85635 -0.546847
-12.3259 -13.0861
-2.06645 8.65161
-10.4302 11.2373
13.6329 8.85704
8.71171 -15.697
19.5965 1.76414
-6.44806 -2.60208
8.15275 -5.20106
-2.54505 6.86682
-5.58686 -15.8497
0.228133 19.2488
1.07432 -6.37012
14.4252 11.1534
-2.49448 8.6678
-2.79222 -6.31856
5.42643 14.5486
2.67269 7.24023
13.4003 -9.72765
-4.34389 -16.6904
19.4601 -2.24514
-8.70828 3.0879
18.1043 -4.21948
4.31359 -18.5029
-8.25131 -5.57424
1.45366 16.2977
3.09198 -17.5546
-6.34353 0.0490158
-5.79112 7.84359
14.9268 2.24813
19.349 1.12852
11.3654 -9.56138
-12.6079 -14.3886
13.4104 -5.75844
-1.45628 7.55884
-11.352 14.6067
-11.8863 -14.5111
10.1425 14.3239
9.83046 0.992982
-17.4365 1.51348
1.43739 14.4109
-7.69582 -4.34325
-11.5598 9.81966
-9.67108 0.472492
6.47651 17.2856
1.50115 8.25743
-6.56325 4.79875
5.81018 -4.52762
-15.7039 11.9636
6.33597 15.837
7.63628 -15.1826
-5.63986 5.95015
-16.9397 -0.798862
-16.7309 -1.24887
4.76733 -5.85965
5.82533 13.1438
11.7805 -13.0546
4.62232 14.0212
4.18182 -13.611
-19.6737 1.0586
17.4596 1.11177
-2.63307 -19.0834
5.37915 4.58475
5.88726 -6.7517
8.0716 17.4757
8.43483 -14.6295
-11.0456 -13.8619
15.1674 5.70502
-8.28238 -15.5307
0.686275 6.52005
6.1086 -7.672
-3.5285 -6.21668
17.5214 7.29758
2.13046 6.86208
5.72398 -3.26396
-19.7636 0.587062
-4.03806 5.2538
-10.4588 -12.771
6.97117 5.57638
2.29671 -7.4555
4.44601 -4.1717
5.71529 -15.0145
9.23472 -2.71805
2.57305 -5.6918
-15.8034 -10.6311
11.1628 12.7077
9.37968 -12.6071
-7.45072 -5.36991
9.38816 -14.465
7.93888 -14.1884
18.2741 2.30396
14.9927 10.8495
-8.94443 2.21324
-6.33942 -2.80383
6.06873 6.80645
3.65137 6.90918
-4.07024 -7.79566
17.477 -7.03683
2.64988 7.72895
5.96962 3.67214
-14.0888 -0.637642
3.59459 -5.49652
15.8983 10.5896
-13.263 11.5529
-8.23796 -1.50437
7.96733 15.986
-8.61895 -15.5773
-17.1002 5.50505
-0.925196 -5.9848
2.25535 9.33977
6.14883 1.46343
-5.48776 3.01192
14.2929 -7.157
-0.628586 9.16336
-16.0167 3.29015
18.9118 -5.25113
8.58966 -0.831087
6.82228 -6.70379
-2.8136 -9.27907
6.43045 -0.47943
-3.01781 6.67244
-2.71685 -8.7185
-6.17987 -16.0457
9.18469 -0.13924
-0.929274 8.6974
7.95058 -0.389127
6.3112 -6.33057
-5.31494 5.71388
5.5945 -8.20073
14.7783 4.53475
-14.0191 5.6918
1.9032 7.81226
-14.7194 -13.2823
2.623 -14.4678
13.923 14.1722
-4.88707 8.71935
8.20844 -12.9241
7.33427 -3.76801
-5.24821 3.91546
3.25311 6.37125
16.9835 2.89938
14.0997 -1.71893
13.7726 3.84355
17.9047 0.620645
-13.5387 -12.0534
9.34674 -1.14607
5.90182 -1.42653
-4.04633 -4.84886
-6.6619 3.14
13.9665 -10.5393
7.64383 2.90529
-12.3079 12.5108
-5.84675 -4.21337
-7.72158 -4.22903
-2.96001 -6.17009
-18.4561 2.15552
-12.5373 -14.1233
-6.69208 -1.22925
5.07254 3.54745
3.15797 16.2971
7.65109 -0.916743
-7.27305 -15.3447
-9.63128 -1.19195
1.19239 19.6068
-6.82784 -16.8168
-14.6586 -0.871072
14.5386 8.44335
-1.08839 -9.01412
-0.721167 18.2828
-1.52299 8.82175
8.59856 -5.01161
12.0313 8.26537
0.845069 -9.08198
-13.097 7.84445
3.36823 -7.44417
-13.1371 -7.14858
-1.62015 17.0737
18.2554 3.48089
4.38537 -5.49112
3.20091 8.68877
-17.0377 -6.68068
-14.252 -4.46592
-15.1506 1.86907
17.1388 -5.55698
13.8991 -4.71608
4.61214 15.7239
-16.7769 2.10943
13.358 11.0009
-6.09738 18.3628
13.708 -11.7225
0.585129 -19.3426
-8.59886 3.29466
-7.48061 6.03871
5.08724 -15.0646
-2.22667 5.62456
-11.9903 14.4674
-5.54461 -7.27671
-14.3401 3.12577
-3.81132 -6.54388
7.06701 15.8131
7.38225 16.4679
4.54746 8.25058
3.70034 16.6634
-9.3932 17.1751
-0.418779 -8.59381
-2.35902 6.54019
15.809 -6.27151
-5.17371 6.71694
10.9094 -16.2282
9.72385 16.8823
-17.1724 2.00402
-3.21983 -8.38164
12.4223 -8.42818
5.73629 5.55738
-5.73696 -15.3311
3.07975 5.76035
1.47914 9.30733
-10.7319 13.1179
-10.063 11.4012
0.851368 16.5087
5.91628 2.30448
-4.49315 -5.87868
15.0606 -10.923
13.3412 9.0849
-3.93582 -8.75476
-13.9795 -5.27022
4.88218 -7.15776
-8.71484 12.1585
-5.73685 -6.55567
-2.27255 -5.7568
-6.19824 16.3702
13.8752 11.5795
9.05591 -2.64054
-10.2823 -15.0787
0.74738 -8.65916
13.941 5.04435
-6.16312 -6.17279
-7.51733 4.25331
-12.1598 12.0695
-14.7405 -0.986081
-5.44952 6.42449
-4.96036 3.90991
17.4562 -4.91932
7.26685 13.5983
7.524 -4.32955
5.45552 6.52491
-18.699 4.81295
5.25467 -4.77828
15.8851 -9.80576
0.468054 7.95199
5.86425 18.1197
-6.93339 5.63614
-9.46979 -14.316
-0.240416 -9.6639
-5.18018 -3.50259
-15.4381 -4.94068
-15.0285 3.53888
3.37707 15.3457
-1.45633 -6.72735
5.93411 2.78417
-9.26204 13.8468
-4.29576 -15.4987
-9.1598 -16.0089
9.93434 15.2324
2.80724 8.29887
0.699513 8.53028
1.38399 -6.44347
-4.00749 -6.52717
-12.4233 -13.0665
-14.6097 3.32796
6.70002 -0.184862
-11.1546 13.4897
2.13728 -8.21843
11.8179 13.9922
-2.71261 -7.96201
-8.9458 1.2481
-10.166 -11.1199
-0.778364 15.9807
-13.7881 -5.48828
-0.557134 -9.57965
4.59757 -3.93465
13.8048 5.43844
-6.28907 1.70344
-13.5766 6.66137
8.0982 16.1221
6.99244 3.8396
12.2413 -8.98302
-10.8827 -15.7497
17.4158 3.43075
-19.2417 4.77037
-7.20706 -13.2636
7.2508 4.882
-4.04542 -8.75457
-8.84981 2.79346
-6.7607 -6.51372
8.59906 3.27832
-2.41457 -7.48806
7.43911 -0.97779
-7.23552 -6.21981
-10.8793 14.0515
0.727078 -8.3925
-4.52932 -4.11136
-3.87184 5.4282
0.950495 6.09107
-13.5297 -11.7487
0.452732 -7.18233
5.47189 14.1916
0.88734 -8.51794
8.90599 -2.62796
-2.73787 -8.05136
-5.94153 4.64697
-13.2356 10.489
-0.170184 7.84966
8.9335 -2.72646
2.71243 -8.76235
3.52559 8.80267
-8.20241 -4.68982
14.3651 -11.4337
9.18684 -15.8899
-1.37407 15.8001
9.35605 -11.967
-0.225975 17.3219
1.16777 8.62425
-8.43356 -2.43567
-7.30647 -0.226034
10.017 -14.4793
13.2361 -11.0579
-9.51199 0.842903
14.4598 -9.02544
15.3518 0.933379
-6.6743 -4.07479
15.7018 8.04856
8.55166 4.50779
-9.73308 -10.0675
4.00661 15.3031
4.43709 -8.19252
12.66 -11.0346
1.66014 6.86351
-8.11132 2.24344
-3.79182 5.53181
15.2592 2.49306
7.02963 -15.6956
6.72988 -0.753914
3.1781 9.46591
-1.50433 8.97613
9.70725 -15.3814
-7.75176 -3.96239
12.9383 14.1065
9.82041 -10.6316
-6.63161 -16.2191
2.36304 9.03719
6.44121 -0.642013
-18.7183 -0.16173
6.74801 -0.430395
13.7091 -7.98798
-13.2377 14.5639
-7.62487 6.15635
3.83276 7.32476
-4.4253 4.66861
-1.58988 -6.1461
17.0554 -5.07878
-0.563012 -16.6102
15.2325 1.60305
-1.72595 6.06988
5.46992 3.43467
6.8927 -6.66569
11.4733 15.0342
14.0456 -11.0545
6.21198 -4.52879
-4.09009 -6.11599
-3.20827 5.99093
-10.3821 -14.1151
-6.65481 15.1721
8.10851 -12.9391
14.7468 -7.01335
18.7987 2.60043
-3.27417 -6.92348
-7.50758 -6.47686
7.71011 -1.89773
5.41091 -8.18569
-13.1016 -12.5332
3.39025 -18.4593
-0.282359 14.7676
15.5285 -1.68952
14.8349 -9.28096
6.23424 6.74883
-6.83981 -2.74528
5.9638 18.5072
-15.6899 1.28857
17.5438 0.665542
-4.80147 15.5405
7.23077 -0.779561
3.13257 -19.4918
-2.44342 19.8276
6.05783 -5.80447
15.9408 1.13139
3.80316 8.61724
1.91581 -9.70502
-3.18435 -18.866
7.91997 -2.27935
-8.32078 16.8674
-12.4595 -14.0752
-2.28371 -8.25531
1.67692 17.5667
0.798124 -15.2023
13.7903 9.80175
-7.66402 -1.75016
5.16838 -18.6814
-1.51973 -19.5526
-9.18425 -1.91936
-11.2628 -8.37085
-14.5447 -4.56788
4.44432 15.5808
-0.579964 -6.95006
-12.1903 -12.9663
15.6039 12.3207
-8.22259 -1.86676
13.4952 -4.95928
0.859476 9.57578
-16.6865 -7.29356
-7.18347 -15.3489
7.37587 -18.2079
9.14419 0.205231
9.60639 2.4192
-2.63824 9.32572
1.57211 -6.85546
-10.2325 -9.58901
-6.00235 13.399
-6.46965 -7.55162
5.02356 -7.79311
-13.681 -14.463
5.69828 -5.89242
16.9217 9.70405
7.50533 14.9514
-5.10553 -15.3735
3.73249 -14.6934
-15.6924 10.6711
-10.239 16.7198
-7.67338 -0.831376
8.77274 1.3488
-16.7063 -6.13249
-8.91765 1.70564
4.64856 -7.74021
6.68143 4.21599
5.94493 4.02492
13.5968 -4.01714
-1.73299 -6.13832
5.65853 -13.8254
14.935 -9.81764
-2.45928 -7.04545
1.26008 -8.31669
-14.5178 -1.921
-11.3377 -11.2383
2.10861 -7.32877
2.6174 5.55326
-11.811 13.8109
-9.46689 -0.604786
0.507697 -15.245
9.44267 -0.395933
10.1686 -16.661
-5.73211 -2.65942
6.99052 1.49392
3.99507 14.2057
8.37701 17.3271
2.27408 5.71918
7.15241 0.106583
-16.6748 8.02945
-18.5751 0.506883
0.808186 6.74698
-14.1832 -2.09607
16.3304 7.50854
5.84603 -13.188
6.88775 6.84092
-5.03265 -16.8219
-16.0488 -6.14623
8.66428 15.8196
-7.46417 -0.806221
17.5433 -5.64738
15.8271 -6.24645
0.701725 6.74768
9.2065 -0.509232
4.65889 5.85688
3.34712 -14.9237
-8.58275 -5.08957
-10.2782 -14.0321
-9.47198 -14.7857
-13.7546 10.7361
12.8554 8.12232
3.71403 7.62266
2.85473 -7.90988
17.0816 1.9757
-11.5209 10.6665
-6.62585 4.94304
-2.00534 -8.19927
11.9874 7.50738
-5.38583 -5.37375
7.22371 -3.81297
-14.4544 -4.94071
-9.90988 -0.977898
-0.312922 -8.28905
4.68106 -17.6882
14.4893 -13.7539
3.83548 -6.56768
-4.0147 6.29515
2.64854 -19.7786
6.54405 -2.56678
-15.4443 0.0132887
1.39928 9.85886
-13.5287 11.7755
11.924 10.9512
-16.0174 -9.05392
-14.7301 12.3226
6.22395 -4.9895
-3.16062 -9.39939
8.29357 16.4789
8.49062 -3.69508
-2.53312 8.76969
9.38168 12.6847
-2.33831 16.5957
0.373462 6.74241
14.2504 -12.4685
-19.1133 -3.08081
16.8228 -7.99659
5.73397 4.83551
-17.6176 -2.00068
17.8819 7.41634
-4.387 -17.8256
1.7727 18.6208
-4.99134 -14.5619
-9.50694 -16.1975
5.95089 3.33439
-7.18961 4.02481
0.0689181 7.62173
-1.49436 -14.2204
-8.43148 -0.567844
-11.3473 -9.83299
-14.8785 6.14957
5.98089 -15.7853
-10.0026 12.0003
-6.34622 16.2748
-8.06377 -2.95301
3.10578 -5.70002
-11.0227 -16.4959
-7.38535 5.46514
5.85635 2.40576
-9.1023 -1.41638
-0.842429 -18.2049
-4.35504 -6.34634
-12.3292 -10.0755
3.70521 -6.85979
15.8357 10.9661
-6.66759 4.27242
7.63495 -16.9892
-13.0785 -14.1684
6.64904 5.24357
0.354026 6.28025
3.78765 18.373
-13.8345 -12.1628
2.49237 -6.89326
8.06541 1.52408
2.81393 -9.3762
-2.95143 18.1899
-13.66 -9.25682
9.00092 15.3095
-2.76431 -6.83155
7.98989 3.35583
7.32076 -13.8118
3.27537 -6.79245
6.16975 -5.0759
6.25313 12.647
15.3456 0.0977926
0.483074 -8.615
-16.8379 2.63595
-15.2625 5.25092
-17.74 -6.52476
14.9878 0.0737591
10.5211 13.9672
-9.29784 0.727308
7.59804 0.534265
14.7441 5.72858
1.89721 -9.31443
-7.63409 -11.9203
-7.67361 -15.5691
-10.2705 15.2982
-7.90855 -0.913882
13.6624 9.84177
6.08811 -4.35555
-13.8848 6.81161
-8.08455 3.50135
-16.0985 -0.265766
-17.1979 -8.12932
12.3951 14.8406
9.219 17.1076
-18.1494 1.4161
-9.8673 -14.6432
-16.4734 -1.68798
-0.804408 16.9668
14.5101 10.7064
8.5606 -16.0988
-2.49665 19.3866
-6.89011 -1.62313
7.67636 15.8727
-14.1569 -8.71512
-16.5091 -5.04481
-7.73706 14.5514
0.273249 7.09198
-16.3485 7.0898
-4.0844 16.0027
-8.82893 -11.6185
-14.7139 8.99667
-13.6902 8.43532
8.11963 2.77104
-7.31309 -3.36485
-10.5697 -9.50352
13.6662 -6.20009
9.77204 0.553001
-0.42913 -8.42528
4.27748 -8.0916
13.5771 11.7111
-4.15016 6.44202
9.13272 -1.91814
-0.364745 17.8141
5.33269 -4.6668
1.0265 6.69712
-4.63574 14.5596
6.0703 4.72495
-5.71127 14.5258
-9.18557 -11.0223
3.22181 7.78317
-14.3696 0.737125
-2.5362 -17.4504
6.37953 -0.0803493
-15.8272 1.59048
6.82218 -1.21525
-3.45837 -14.3266
5.3956 5.06214
-14.5121 3.50124
1.04228 -14.9885
-12.344 -13.3201
1.88354 -5.87767
-17.4479 -5.96524
-7.58615 -17.6145
-1.38952 9.50294
7.21763 3.89197
13.7995 13.5725
-8.06132 3.20627
-9.12166 3.85476
16.2803 7.20752
-0.116209 -15.257
14.1931 4.55983
11.6789 16.1896
-9.72287 -1.51335
15.1508 4.1133
11.8822 -12.6968
-1.14901 -6.04175
-9.3988 11.1824
4.97045 4.29974
1.36176 -6.75698
6.96446 -1.87431
-3.56787 7.67595
0.140128 8.75277
-13.9909 -3.10295
-9.34877 2.44708
7.80796 -13.6151
-7.65999 1.61503
-5.11165 18.5282
-18.5215 -7.12493
5.23635 4.02969
-8.37197 12.6717
4.17373 7.32346
11.4452 -14.4079
1.87534 -6.35127
-16.4944 -9.02761
13.8026 -10.4954
-14.0977 -0.790826
13.0953 -14.6989
-16.779 -0.0643187
15.3384 -4.16071
19.1479 3.6903
6.55936 0.508595
17.2694 2.56822
10.388 9.51129
18.019 5.57396
-11.7998 -14.9543
2.00538 8.15363
5.08991 5.48137
7.0359 18.3419
-11.1773 -14.3079
-0.502187 -6.26945
-0.984349 7.77261
-5.96101 2.45806
-15.2691 0.693838
13.0839 -11.0864
14.2538 13.1071
14.2519 -6.59145
1.52471 7.58347
6.10677 -15.4765
-7.60595 -6.34548
-4.86638 16.2417
-5.5551 4.79611
-9.06154 2.57682
-14.2807 -7.44705
9.78899 -11.6441
-4.79544 -17.2064
-7.52095 -6.20241
6.35568 1.31974
6.30804 -14.1067
7.6704 2.82047
-1.73589 15.7717
-6.29626 7.2241
-6.40413 13.7718
3.94211 -8.7248
14.1775 -10.1305
5.21634 6.22539
-6.11216 12.9636
5.89372 -13.0828
-3.10249 6.83178
-1.11846 5.95855
-4.86734 6.19311
-4.53275 7.0572
5.9098 6.75398
4.83159 4.51846
2.69729 6.07532
6.01222 -0.677863
14.8688 -2.86113
17.6117 4.35225
10.3997 -10.2721
14.4748 13.0932
-14.8431 4.58245
18.827 6.19692
-1.54019 5.87131
-17.812 -4.38377
-9.36173 -0.831088
4.35604 -5.94956
18.3835 1.93704
8.3867 5.08071
-4.21789 -13.4498
2.67292 9.03095
4.40311 -18.2006
6.16973 4.65506
12.7643 11.1396
5.53464 3.04488
1.18168 -9.78981
-10.5494 11.1964
-16.0069 11.5722
2.62595 -18.8649
5.86921 -4.68153
-16.2728 8.85046
-15.521 -2.78546
17.4357 8.33702
-4.88022 3.75148
7.8776 -5.62939
13.9744 -1.78448
13.605 -4.96181
14.6449 1.79905
12.5739 -14.4674
-15.7613 -1.76894
5.70294 -3.06229
0.311539 7.93577
6.75476 4.95201
15.278 -6.71305
7.44997 2.07667
-2.78082 -8.43073
1.38405 -9.1236
-15.1281 10.7564
5.98541 -6.38714
-1.85926 8.83789
-3.13003 -7.81824
1.49614 -9.16131
14.765 -0.435384
7.82599 -15.188
-2.39101 14.6824
-7.95132 3.07312
0.241365 9.44503
6.94822 -16.3922
-6.55561 -6.06129
-7.05791 0.48543
17.2191 -3.2434
13.9703 2.82699
-12.0112 -14.8091
-13.9119 -4.79191
-8.83569 -3.35881
1.74008 15.6404
-0.667624 -7.70702
2.66335 6.2371
-0.841057 -19.5126
8.93617 2.59277
-7.46323 4.16009
3.82331 5.12723
4.84482 -4.3522
-9.49378 16.5278
-14.8879 -1.60161
4.17997 -19.0679
3.34806 9.39104
-0.680584 6.7732
-8.75185 13.2852
-5.37946 -5.41894
12.3086 10.245
-17.36 1.33283
1.93846 9.16863
18.0166 8.60897
-4.00344 6.67975
-7.25631 -2.14596
6.06466 6.41296
-4.94109 -4.6965
18.8918 -0.771925
14.2076 -11.4939
-0.825787 8.98284
-5.09001 5.14355
-0.275773 14.7514
-4.99829 8.24721
9.42123 -12.6017
12.9285 -10.1478
-6.5844 2.63859
6.70181 5.15435
-2.42929 6.51785
-2.07939 6.54777
7.78015 -2.63756
7.96989 3.78602
-8.40161 -5.27603
2.28671 17.7743
5.43512 -7.23691
-9.87349 10.2445
-12.6866 15.1059
8.67613 -11.1733
6.56511 -4.73226
15.6943 0.12365
11.2349 15.8695
-2.59714 -7.359
16.6524 -7.52848
-3.9029 8.93303
-10.4261 -14.7606
6.52193 3.97165
-5.64482 7.07812
8.96568 2.87555
-14.6894 3.46106
8.8967 1.44215
-0.416656 9.58286
2.63423 -7.28362
7.07858 -7.00118
1.8857 8.45144
-17.5792 4.27363
-12.7861 -12.9105
-14.4168 0.883779
-6.11419 14.7026
4.60584 -7.21163
5.85612 -18.2191
-8.54077 16.0076
-9.55482 -14.4935
2.14901 -9.05532
19.4809 -4.1061
-7.50455 -2.16587
7.53884 -6.23263
6.72015 14.8014
7.58933 14.5563
3.81697 9.22774
6.39645 -14.4734
12.216 8.5365
-12.5762 8.20193
6.47575 -7.2673
17.6683 2.1782
6.51243 4.21778
15.0339 2.86544
-14.7772 -3.69182
-12.5791 -15.0361
-0.388858 -7.98539
-6.70638 2.64872
-0.942923 -8.59592
2.62634 -9.42866
-12.907 -5.5716
4.67618 4.08705
-8.57933 -1.13738
17.654 6.55294
6.73505 -0.688659
12.5029 -7.66722
-3.34835 9.2186
-7.39077 16.2784
-16.2436 -2.2346
1.9521 15.7184
2.17654 -15.0951
7.12067 -12.1502
-3.23598 17.805
-1.65525 -9.6901
-4.00461 -5.40824
2.41195 -8.00381
-2.76961 -7.49312
10.881 -16.6553
1.70171 7.70979
-12.0805 -13.3379
8.42773 11.4637
-8.37252 -0.953903
-4.09572 -4.46989
-15.1964 8.97875
2.59742 7.97107
-18.3606 6.45886
-7.24354 -3.00459
-6.74715 -2.02203
6.63096 -2.05876
-3.82078 -5.80473
-5.70797 15.8522
-1.92559 -7.45334
3.71649 -16.8265
4.26527 -5.15047
6.27922 2.6265
17.0592 -9.81817
-8.31455 17.8907
2.82865 7.70397
-7.43238 5.44301
-7.20836 -2.85324
-8.81262 -4.3716
-8.35393 5.07442
10.9821 -15.3957
3.29808 6.64519
12.9755 5.9229
17.842 0.143636
-15.8333 5.23695
0.34262 -8.79602
18.7521 -3.83524
4.32075 6.45281
3.44342 -7.04457
1.40979 -5.83882
15.1349 9.61793
4.9571 -13.4573
8.18151 -3.25593
-6.61318 -17.3099
-0.260852 -14.6729
-23.9134 3.87593
4.99524 0.904329
23.7457 -1.58928
-16.8279 20.5955
-3.38431 15.2738
18.7677 18.3154
20.5593 -5.90586
-7.8837 18.6846
-0.793205 -16.2041
22.4462 -6.07723
8.27613 -0.918294
9.21554 -7.21697
11.5716 5.4103
20.3617 7.14423
20.326 2.58663
2.56972 24.0449
-9.22733 21.275
-3.94359 -9.55625
14.2523 -0.9349
-2.33933 -15.2891
-9.74882 15.8206
11.4847 6.45436
-12.0058 10.7769
-1.55984 -0.487355
-16.9472 -8.47818
22.1369 15.1062
-12.8624 -19.3163
24.7312 12.1503
-18.9283 -23.5879
-8.83875 18.335
6.26647 -20.607
-15.5534 3.19564
9.44458 20.066
1.89063 23.0854
15.2966 -6.11234
-11.1016 0.189771
19.1466 18.3365
-1.36172 24.5478
-17.4899 -16.6431
-11.4451 -5.3327
-8.41013 13.648
10.785 -10.7391
4.94801 -8.20991
-6.90114 18.1789
-6.13467 4.67524
-24.443 13.2119
-3.01343 8.25477
4.67014 20.1078
-7.20656 23.1564
9.95515 -16.3802
-24.1272 4.66563
8.49098 -16.0772
-20.722 13.089
-16.2414 -13.6771
-20.4032 -15.3471
23.2378 -18.3981
11.5377 -3.69878
-18.4129 18.4265
-11.2666 5.6402
23.2539 -19.3505
16.3197 16.1427
17.1069 -11.6061
16.0596 -17.5259
17.217 -13.9989
-15.5754 20.421
-8.83851 -8.39958
2.00737 -17.4818
-22.6273 23.3092
7.92243 -0.832514
-12.8628 -8.14538
2.99426 -10.8683
-8.07246 -6.84041
1.6683 19.2609
16.5591 19.2498
-14.4939 -8.11851
-24.7791 21.705
-7.17056 -2.48405
21.9957 -4.14055
-18.0354 -20.7128
13.4455 -15.8544
-4.25306 -16.0096
-17.4889 22.3978
18.0676 -0.391084
-16.3269 7.77087
-16.517 24.9686
-22.8737 0.569626
9.29577 24.6707
1.7842 -9.13996
-12.9674 4.90973
1.54784 16.5371
19.2073 19.2173
-2.0741 6.32743
21.888 -12.1208
3.76625 9.24599
-12.4802 -20.9879
21.6712 0.0311725
5.80475 22.9225
2.55384 -6.71942
19.3733 -6.52743
-13.9771 18.4348
-0.53349 13.1561
-7.13322 18.3092
18.8984 11.4817
-5.60451 -13.6734
-22.1339 -22.1114
22.0986 -6.90148
-23.4636 16.8173
-18.5669 -20.9277
-16.9703 20.6221
3.404 -12.5735
11.4945 -20.989
-3.41612 -4.36043
-0.688867 14.0838
-3.04468 -4.65251
23.3318 1.24794
-0.209794 -12.8738
-24.0092 -13.7886
-7.37318 -14.1587
12.6442 6.83626
-2.98071 16.7372
20.1387 -10.562
-8.53422 -18.2214
-7.16894 1.77883
16.1147 -0.509126
23.6012 -17.1883
23.9469 5.23876
-9.15908 12.1358
23.3635 10.0466
10.9484 4.88686
6.76237 13.0735
-20.7502 19.7231
-0.392777 -10.3468
22.4311 -5.94524
1.31221 10.4879
-5.12576 16.2362
22.8877 9.10353
-24.2525 15.6114
15.6403 21.493
5.62263 13.2258
12.2658 -7.9298
15.3875 19.2496
20.337 -13.1652
6.08765 -23.9728
-19.9902 -11.1785
-23.7591 21.0843
-13.8611 0.437139
7.15988 18.4843
12.0853 5.49939
-22.6641 22.556
18.6491 4.88579
7.51138 -6.27951
-10.3322 17.4684
-12.5307 -9.75346
-10.3026 22.7107
-15.6081 23.8683
-10.5279 3.60781
-11.9077 7.24713
-0.240457 -3.28573
-9.24593 17.4756
-12.3848 -19.7009
2.79262 -16.2828
-21.6112 -3.02469
9.32483 -13.0294
-10.4026 8.98783
-9.07944 22.5611
11.7955 2.41848
-15.4868 -13.0224
18.4956 -6.02968
19.1747 23.4395
13.0681 12.7121
7.41818 23.059
7.13661 22.3601
-0.0262024 -3.77762
-12.4695 20.603
-16.498 11.2787
-6.70858 5.1324
-19.3613 -20.866
14.0976 -20.972
9.52995 -18.2757
11.7786 -23.945
-17.9896 -1.32669
14.4772 8.59867
-23.8643 18.1736
-23.9838 -18.1288
15.5231 21.698
3.8253 18.4229
-6.1243 -19.8511
-7.77375 1.43927
-11.3487 12.718
5.32309 14.7679
19.041 -3.30667
18.3755 0.748183
-12.9373 -11.9484
3.75479 12.4732
4.04175 -20.2286
7.96359 5.18117
-1.75169 11.562
-8.0876 -1.51123
13.3037 2.31049
-9.14222 1.82672
2.46009 -14.9765
8.58454 -7.75483
-15.9446 -12.8578
14.1514 -12.2693
-20.054 -23.3804
13.0861 21.3719
-4.2328 1.59491
12.9631 7.24185
-23.5849 -14.2225
-10.9661 -10.0561
-3.72201 -10.0918
12.2511 17.2037
-20.0966 -18.3147
-13.8142 -23.324
11.5891 6.00917
-22.4662 -21.5179
-19.0139 -11.8175
11.9859 0.555015
3.54207 20.0089
19.9308 -9.75848
-19.9792 9.19908
8.25346 -1.03408
-7.81799 -16.2746
-11.9033 -23.9149
10.0228 1.47082
-23.6678 -11.8759
10.4458 -11.4192
-14.7667 -3.57165
16.2955 -9.43721
24.6227 -2.64524
13.6625 21.0881
-11.1006 -19.7151
11.1811 7.4482
9.31391 -16.6241
19.9776 17.1955
14.3545 -7.40213
10.2385 23.7951
-23.4137 4.6066
13.0534 -4.20883
12.0855 -19.3087
23.7202 17.7404
18.5986 20.1085
-18.0059 -12.4538
-16.3365 19.688
13.084 -1.99849
-11.2393 -21.2577
-6.4864 19.04
-6.41658 16.5799
15.0623 1.49148
15.7276 -11.5115
0.966136 -10.3328
5.611 -5.46184
-8.21571 7.9225
11.9882 -17.934
-7.20307 23.5893
4.38532 3.64245
12.8917 24.7345
-9.98683 14.9226
-2.95095 -2.47822
24.8565 15.8293
13.7516 -24.0772
-22.5988 -1.76508
15.1443 2.42688
-23.6052 18.0806
24.6604 20.1836
10.809 10.0777
24.144 17.3058
-19.3577 17.8402
2.50308 23.2546
-11.1662 -14.9746
18.0678 17.4598
-4.0227 -16.9928
19.3136 13.5771
21.9564 21.5017
5.16855 9.51564
7.24583 -15.7823
5.28979 -9.79099
21.063 10.7664
0.865863 -3.63959
2.38577 11.5052
-8.07931 -7.5175
13.4798 -15.9468
-21.8499 -10.1026
-15.4886 15.0996
16.8214 7.05702
-17.0375 -17.0525
20.2833 5.92659
24.1845 -2.85673
-20.6421 11.7509
-13.6572 -18.5195
-0.152106 -8.54357
-19.3359 -10.1347
4.98428 19.4722
-5.63528 -11.5044
-18.2895 4.99222
17.2599 23.0782
22.2659 19.8312
20.3403 1.84707
10.5027 -14.6688
8.11791 -13.8792
