100
6.19955 -5.26633
7.87373 -3.8204
0.61807 0.762981
6.43234 -3.6369
-5.85391 -5.43082
7.08321 -5.19481
6.86895 -3.53223
3.29556 0.341203
0.938501 2.85453
6.28384 -3.60953
-4.63535 -5.00783
6.15297 -3.56158
-4.60264 -4.38616
6.18538 -4.93968
-3.01818 -4.37128
7.90486 -4.08041
1.98598 1.5456
3.81914 2.39515
6.61393 -5.54269
6.89759 -3.75722
-4.82522 -5.31712
-3.32756 -5.52602
3.10531 0.921524
1.7831 3.52953
-5.53331 -4.61417
-4.90964 -4.68944
-4.02845 -4.64469
7.61457 -3.67537
7.73959 -3.86293
7.45996 -5.60111
-5.93719 -3.25585
3.94458 2.21061
1.42386 2.92192
0.394443 2.69613
-5.63353 -3.72033
1.99513 1.46544
6.83905 -3.76809
7.83477 -4.66631
7.99092 -5.91342
6.4897 -5.07989
1.68916 2.30713
0.420631 3.24445
3.37946 3.66761
-4.95966 -5.59546
-3.81355 -4.81734
7.05449 -4.44915
-4.07432 -3.43555
-3.97694 -5.71253
-4.67445 -4.67368
1.78029 3.85688
-4.8239 -5.44721
7.05074 -3.58508
7.46771 -4.89391
-4.75616 -4.486
-5.41263 -4.33762
3.69699 3.17947
-4.75922 -4.64986
-5.17244 -3.25915
7.00785 -3.12782
6.10821 -4.52301
-10.5604 5.66912
-13.8728 5.75677
12.7397 -13.0812
10.546 14.0689
10.3282 -13.8149
13.514 -13.2951
-4.4688 11.8042
11.9705 -8.19039
-7.5209 -14.8589
-14.909 -2.1882
-13.6263 10.3529
6.60029 5.23191
11.0351 -9.95958
3.02972 -1.69328
-5.35044 -10.1864
-1.49357 9.0281
2.47058 4.66674
-0.455121 -9.1013
-4.98722 -7.51184
-12.2767 -8.59729
14.1895 -14.0159
8.83532 -13.9819
-12.9488 -4.04028
7.0246 -11.736
-4.53117 -4.15246
-3.24859 13.1903
-1.9325 6.87654
12.3352 8.92354
-4.64407 -6.26415
-3.75641 -7.22711
14.1448 -9.15947
-10.6374 -3.02221
6.64652 -13.0971
-5.55078 14.7923
5.24819 14.6907
-13.5771 4.99954
-7.22672 1.05592
-14.5553 11.44
-6.54046 12.5044
5.92822 -5.7061
