2200
19.4214 -0.39467
-2.95396 5.18182
16.5611 -4.2067
15.1994 3.60047
18.3683 -4.68429
15.7387 3.3889
0.182608 -6.80884
5.68594 -5.69695
20.1429 -0.161844
13.3555 4.28286
5.3541 -7.10886
11.8007 0.991644
-7.13641 -5.37747
19.4842 -2.45633
17.5473 -5.31842
7.35941 4.25136
7.39073 -4.05556
-0.960967 -1.32522
-6.40307 -3.71671
1.73943 2.60501
16.6813 2.44663
3.1161 -2.30782
19.2781 2.26628
10.9752 -3.86253
-1.97821 -1.8488
-9.45321 -1.50995
0.705327 -2.96147
14.346 1.09483
14.5991 -3.75202
15.5254 3.93681
12.3566 -4.72526
3.89196 -4.21071
-3.82819 1.72183
3.63953 6.67522
16.017 0.533242
12.6197 1.32888
16.7719 4.78054
2.13042 3.46896
20.8938 0.834184
1.58136 7.80469
20.6314 -0.111832
13.1506 -5.20034
17.2795 -2.27203
19.009 2.33867
5.04564 6.08416
12.4617 3.16282
0.497836 -6.23043
-7.44658 3.14958
14.0814 4.89937
-6.32631 -1.24571
15.4056 4.35344
-2.24839 2.69726
17.801 1.97735
9.01035 -1.94365
5.26924 -3.8478
10.4632 3.48941
2.56682 -7.11641
-2.98233 -3.08558
-6.03516 1.79179
10.4435 2.38331
11.5941 0.478659
13.7492 -3.86264
5.42272 -3.14508
16.1573 -2.51282
-8.95225 3.33934
14.8594 -1.30867
-0.96906 8.71615
11.3678 2.71088
20.7917 -0.72026
19.6466 -3.01811
0.827135 -9.44758
14.3675 0.192829
2.94977 3.09327
15.6564 5.74604
1.78602 6.86478
16.3989 5.22161
-2.34796 -6.8507
-3.57103 1.96064
16.7331 3.82752
-1.72975 2.90538
19.348 -1.73448
-5.53996 2.04709
1.9314 0.747008
2.7024 -3.6746
-3.98925 -8.37856
-7.5832 -0.753483
20.5902 0.129474
18.3812 -4.12897
4.39422 1.15259
20.0135 0.387578
1.93115 -6.7707
-1.23025 0.709005
6.50173 -0.612406
8.28088 1.44108
13.4423 -2.50274
2.76814 -8.28409
2.27769 -3.10033
-9.42333 -2.87853
9.133 3.46027
17.6827 -0.61043
17.0088 -1.36249
-3.41483 8.26353
-4.13549 3.33666
3.23652 0.729522
17.71 3.33181
16.9388 3.22374
11.5448 3.04613
-5.15777 1.60304
19.5308 1.70587
3.44942 5.64926
-1.64086 5.13288
-7.38993 4.74186
16.6599 5.29319
-8.17396 3.02239
-8.34287 -2.32172
16.7436 -4.53033
15.443 -0.225109
18.3688 -4.60634
1.50234 -1.7451
19.453 -3.93662
-4.92363 -3.45351
17.1264 -3.22967
14.9981 2.76616
16.3609 -3.69128
14.1979 -4.17083
11.3226 4.35805
15.7896 -4.42261
13.6567 -5.675
19.5004 0.286257
11.8536 1.28981
14.1754 -4.07791
6.69257 2.42113
18.5226 -3.29528
14.1671 1.00332
-8.61212 3.04836
15.1423 -2.79694
-7.94524 -2.80906
11.3748 -3.62017
14.615 -5.8846
-5.60676 2.76189
3.20629 0.683933
12.2119 1.59326
-5.32003 4.42966
19.9624 -1.41818
14.7592 -4.80352
10.4656 -1.26349
-0.689022 3.93737
-2.93718 -6.46954
-1.99066 -2.74168
14.2803 5.41158
6.58186 -3.57177
16.8727 2.02711
2.9185 2.33617
13.6061 -0.508379
2.75336 3.05349
19.9651 1.79203
-6.32698 -5.07505
16.0423 3.6356
12.1903 -3.87113
17.9491 3.55931
13.4903 1.35269
-0.0184484 -6.21403
-6.25215 1.7263
-1.92254 1.64464
15.0821 3.75372
-3.10842 4.97635
12.98 -4.81253
0.28801 9.44528
7.69752 -4.74736
3.67374 1.75639
-1.04093 9.31946
1.29934 -3.56169
17.5109 -1.3347
5.70339 -3.12107
16.3267 -2.98418
11.8436 -2.14623
15.7428 2.17586
14.3303 -1.5698
20.241 1.96508
8.367 -4.76696
-4.48606 8.75981
13.4565 -4.53396
13.7137 -3.43424
5.18258 1.22621
18.6948 -1.93512
15.1185 -2.16195
7.30934 -1.17975
12.7761 -2.49067
-5.59701 -0.138581
18.579 -0.657184
14.7729 -5.66146
19.0064 -4.30499
16.891 4.96901
17.4141 -1.91908
1.00914 -3.96834
5.90055 -6.13377
12.8832 -5.27179
12.6151 0.224336
3.67322 5.58482
12.6194 2.42979
-6.57214 5.70381
2.05155 2.20256
11.7409 2.75537
15.4174 -3.92087
13.888 1.1707
-4.08317 -6.35314
-2.50993 0.240403
-1.89048 3.08803
-6.87658 -5.55705
-6.20988 -3.51672
-2.0204 -8.04716
-3.05122 3.79628
14.9778 -5.04713
13.031 -3.11695
13.0956 5.50591
0.305634 -9.33257
3.07479 7.34533
12.662 -0.468095
-0.525625 -2.75224
10.0758 3.21131
2.76767 -2.12079
20.606 0.847207
-2.50542 4.0001
17.5085 -2.81046
0.305581 -6.73251
5.97751 -4.81878
14.3272 2.43937
20.1163 2.47799
-2.85137 3.04789
4.42967 -1.43047
15.6278 5.16864
7.90583 4.42062
-0.687105 -1.2964
3.89958 -0.471154
13.1736 -1.0862
15.0789 2.23223
20.6961 -1.15106
-1.06313 -9.34363
0.847943 1.8771
11.7788 -0.368857
-6.6445 -7.07413
7.66605 4.52041
15.0393 5.6805
12.7636 -4.41209
6.62661 0.81924
3.82275 1.53477
1.25655 3.60536
-5.89739 -3.60356
17.2621 -3.73674
3.87776 -6.26609
16.5338 -5.68894
17.7859 -1.23494
11.4926 2.85114
6.32032 1.96437
5.83707 -2.03557
9.72665 0.917826
-8.8935 -1.4857
-2.35946 -4.9876
-4.94126 7.70671
-8.40151 4.01741
9.55463 -2.87712
10.0585 -0.325413
-6.04323 4.89625
5.70765 -0.915614
-4.90704 4.06666
7.69535 2.08782
-0.965352 5.20046
16.5387 0.568554
4.11884 -3.19672
-0.838601 -6.52463
-6.23693 -4.52835
1.35552 3.31802
6.14064 1.61703
9.7683 -2.38623
19.6215 -2.24397
-6.10443 -0.260565
4.71231 4.063
10.8484 -2.5204
10.8804 4.30333
18.3999 3.24268
19.1677 -3.77145
-7.05828 2.1246
9.38194 -0.353753
1.29117 8.92707
-7.232 3.06059
12.481 -2.91357
18.0928 -0.134849
13.5041 4.1635
10.2921 -1.30328
5.36654 -4.31157
13.9175 -0.583522
11.1423 -3.22453
17.4731 1.55188
1.3858 8.88167
-4.44806 -0.467946
19.1318 1.79172
-1.02208 0.342353
8.19698 2.14783
2.22812 -3.24075
-3.36587 2.87797
-4.42292 -1.31213
-4.92443 -5.91909
-8.85756 2.22292
5.13698 4.83755
0.284875 4.50294
17.5562 1.64538
11.071 0.319654
-3.51525 8.62232
18.0419 2.46394
-1.17532 -8.70352
18.2701 -1.98647
5.97022 5.78377
1.52397 -1.38325
-7.98969 -2.53267
14.2833 -0.542147
9.95463 3.22645
-9.51237 -2.24078
-5.67472 -0.93112
-8.53726 3.16305
17.2216 0.514123
6.76999 -6.88916
18.6103 -0.415529
13.6686 -5.76349
-4.56249 -2.31954
15.4167 3.62114
18.1976 -1.20853
12.9521 4.43042
16.3128 -1.5683
20.8897 -0.427709
-9.29467 -2.22479
13.0657 -0.77067
17.9533 -1.05962
4.12423 8.57416
10.2079 -1.83049
12.8045 -2.3414
-4.2465 -3.3897
12.3088 -1.59103
-0.773579 -0.0610929
0.141537 2.36903
9.39308 2.17978
5.25896 -4.6114
-2.36122 9.30785
-9.52642 0.303549
15.7739 3.21308
1.56038 -7.02113
18.1594 -4.57348
5.66638 3.32966
9.40663 3.08851
-2.28043 3.0607
-1.14354 9.8968
0.356099 -2.55731
9.51214 -2.71936
16.8327 -4.26467
14.9914 -1.42815
0.549536 7.18991
20.6413 0.378654
-4.33567 4.57528
-7.39408 5.32929
8.87591 -1.25546
16.3627 5.01881
1.45093 -2.40746
-6.03454 -2.55208
-8.56267 -3.91339
-3.41109 8.0837
14.4173 -5.605
11.8988 -1.31586
11.3902 2.52273
-4.41832 4.71241
-8.36839 -1.16753
12.3829 5.20474
8.37748 -2.50421
0.765161 -9.54994
17.9955 3.84501
18.5689 -4.67635
14.2057 4.97427
4.8804 -5.48589
-6.33904 4.37019
18.4904 0.281231
-1.01418 -9.16864
-7.35573 0.698895
16.0936 -2.9018
-0.765646 -8.64112
19.4993 3.57872
19.2612 2.82642
17.909 -2.68998
14.2617 -2.72576
-5.78701 -3.95976
14.4805 -5.02879
11.4932 3.71999
1.12599 4.40412
6.53551 6.77574
17.9582 -3.64344
-7.00541 -1.46869
-6.45446 -4.47665
4.9687 0.237159
3.10517 8.70986
2.20371 9.2306
11.0021 0.014353
1.40293 -0.452096
-1.06944 9.75566
-9.33794 1.33328
16.9873 -1.55906
-6.6991 6.15747
-5.26318 -3.25219
5.52204 -1.36507
0.174569 9.00084
5.98063 -4.46355
-5.54023 -0.0351875
19.4208 1.16893
-1.02777 0.0151882
15.0866 -3.37003
13.4616 1.01294
12.7194 3.00663
0.538039 -8.18423
-4.42675 -4.39813
-8.5183 4.97182
18.6943 1.74064
-3.97581 5.59816
-5.05885 5.82017
14.5124 1.83742
-4.63503 1.04352
-0.116705 -3.5713
-1.26928 7.97402
19.6168 0.920648
13.0155 1.87619
-8.56676 -2.11722
15.1732 -2.28541
12.1785 3.44467
15.05 -1.83136
14.0706 1.80557
19.0037 3.98127
2.37524 -8.72408
0.349564 2.46272
16.1199 0.133776
3.89164 -5.97271
3.94449 -5.03398
11.0349 -3.49914
-1.90062 2.86507
12.8118 -3.83977
15.1324 0.105869
-8.09236 0.894981
-9.13039 -0.527843
-9.39522 -0.502229
17.43 -0.257786
1.00231 -2.46204
3.36003 -9.08362
0.0923672 1.04271
11.5638 -3.61105
-4.21698 2.04324
-0.423212 -2.29871
-3.70656 2.88323
2.44126 -3.75878
-0.984811 9.40233
20.3815 0.738449
19.1034 2.14294
17.7557 2.208
19.4695 2.55501
-5.30162 -3.79203
-3.71911 6.56484
18.0823 2.63491
-8.26011 5.01871
12.1585 2.57856
17.0345 -3.1297
-9.24006 -3.40434
20.0579 -2.22368
15.1022 -2.03928
20.1543 -0.953913
1.50744 4.48251
9.73666 0.0996413
-2.2999 3.82912
9.05086 0.144329
18.7997 1.00777
-8.64488 3.83668
20.139 0.853703
12.8972 1.44307
-3.63182 -3.85403
10.4915 2.76282
18.1071 4.18537
15.2228 -5.46824
19.8518 0.637007
17.107 -5.61689
1.66306 -7.39071
3.7898 -2.20659
12.2263 0.185313
12.8219 2.86209
18.4348 3.40443
18.8264 1.95404
5.17598 1.60405
2.88744 -7.56992
12.478 5.18221
14.4021 -5.18869
-0.960413 8.70523
13.3816 5.26369
-4.37909 4.28439
-1.8786 -4.67318
2.3561 3.45351
10.1053 -3.1851
16.7416 0.260374
2.74873 -4.02713
-6.20965 3.34782
13.7922 1.92345
-6.09467 -5.81618
0.491218 1.86262
16.4715 -3.57687
17.5521 -5.41237
15.9857 -2.21089
9.98029 2.86315
18.0991 2.77042
7.33459 -4.04085
12.9275 -0.278023
-6.51407 -3.07569
11.1096 -2.65892
10.3135 2.93975
-6.45306 4.01541
7.99963 -2.42721
1.89044 0.415445
7.45524 3.70638
15.059 -4.80745
2.4077 0.277171
3.09437 1.00142
19.4326 0.649973
5.86206 -6.85383
5.41478 7.58961
6.86355 -2.73868
-6.02949 3.24508
-8.6501 4.31067
-3.42264 8.36267
-3.60639 -0.934218
-5.63794 -7.28193
-4.35645 5.45532
-1.79467 -7.75728
12.5939 5.01544
-2.54888 -7.99502
0.275157 6.55509
16.8519 0.307088
-2.62639 -9.19282
10.3524 3.27976
8.03511 0.60537
20.6416 -0.917413
12.1436 -4.36224
16.542 -2.84488
12.0879 -1.39172
-3.39965 -8.94461
-0.180568 -2.97189
2.83661 -3.23434
18.5141 -0.186146
3.16549 1.17081
3.44315 2.10343
0.210389 -7.59845
12.5357 3.03662
-7.44913 -6.56708
17.6466 -1.50889
10.5898 1.17617
-2.3131 2.55528
18.1855 4.9284
10.6467 -2.11373
3.44045 5.39967
17.1338 1.68083
14.7976 3.46647
1.23813 -8.71851
1.2362 0.171408
-0.791827 2.26482
1.19122 -9.55511
-2.12482 2.58636
4.45412 -6.75716
13.6072 5.81877
6.17592 0.995808
2.28556 0.163938
9.1671 -0.192388
19.9886 -2.32915
13.3308 -3.39868
17.0519 -1.58236
16.2381 -5.65942
2.98823 -0.648654
13.7439 1.86656
10.7677 -1.32069
14.8305 3.64927
4.23217 8.78667
17.2068 1.12091
12.0658 -4.88959
17.1 -5.5822
12.9507 2.68011
15.1824 4.50844
-8.79167 -4.75132
15.5465 3.97045
3.5423 -5.83141
13.1072 4.96176
16.9915 -4.14847
-6.11402 1.30369
18.0656 5.15221
9.37427 1.56482
4.61144 5.80284
14.1591 -5.02627
-6.87806 -5.38801
-9.69596 -1.47499
18.6188 0.229057
14.7481 3.40868
17.4479 3.1468
17.8152 -4.98881
-0.337585 8.15203
-6.86784 2.91058
11.6439 1.29746
12.9061 0.331238
15.2656 0.36267
18.5493 1.20956
15.4268 5.12288
-2.31235 5.84164
-6.49947 -0.552042
17.6439 -5.20466
12.6302 -3.63802
10.3281 2.3353
9.66843 1.16369
-0.720652 -4.60028
1.44291 7.09093
1.52547 -8.23896
10.6461 2.25769
13.1952 -2.9341
13.676 4.31724
19.782 -0.172038
13.1521 1.31728
-9.63908 -1.63679
13.1539 4.43927
15.1009 -4.70795
19.3971 -3.18844
9.7285 -0.214399
13.252 -2.65049
11.9748 -0.351944
-2.58966 3.54292
-7.52584 -1.36536
0.309894 -0.663148
-0.987826 -4.14602
15.447 -3.08997
12.0339 -3.42992
0.564589 -3.31662
-7.52329 3.01346
7.26946 -2.89937
17.1242 5.30215
17.6524 1.29087
0.653836 7.19193
1.27202 0.183731
5.01529 2.34228
-3.4027 -0.848837
-7.72079 3.08295
18.8793 3.15562
8.16143 5.6217
-2.20481 7.49028
3.21151 -5.87865
14.9565 4.27599
12.0905 1.88853
18.0277 3.18884
-7.19909 -2.12201
-5.03173 -2.3298
-0.977633 0.191088
15.4972 2.50641
14.0814 -1.48196
13.8564 -3.12768
16.766 1.09231
-2.73998 -9.05178
18.4024 0.449281
10.1717 -1.12988
13.1304 0.497426
-3.48358 -5.23489
1.90501 -1.77313
5.42445 7.88727
-3.43685 -9.17821
15.923 3.22677
15.2116 -5.90221
13.7338 2.76972
-3.1684 5.68633
12.6693 -1.35345
13.7484 -4.64652
-5.02892 -5.89122
12.9207 0.0321274
11.8968 -0.876954
9.94613 -0.781541
-1.14685 -5.13575
11.0518 -1.01382
1.71078 -8.39784
12.1726 -5.09585
-1.48135 2.89225
15.1626 4.73856
4.852 -6.31587
-8.25956 -3.34173
8.49358 -0.851546
15.484 5.26408
5.35321 5.80087
11.6155 -1.43693
-1.30426 6.79868
-4.94949 -3.58836
11.246 2.33012
-7.71747 6.21612
20.3457 2.13004
16.4501 -3.19032
-9.10875 2.64182
-5.13065 -8.45134
16.0837 -2.82176
17.5262 -0.181829
11.6078 4.61073
3.5898 0.00313832
14.3739 3.34834
5.2064 1.49463
14.9944 -2.76723
5.96913 -0.821169
-0.0539273 7.61525
-3.66732 -2.72997
11.915 -0.895545
4.88026 -3.24626
18.1536 4.10829
13.6813 -0.758798
15.3926 4.73142
15.3572 2.81001
13.0138 -5.41738
10.7258 -2.00333
-3.04253 0.532135
16.8532 0.0852939
15.859 3.46575
2.22917 -8.99321
-3.52261 6.58968
18.1182 3.43812
-8.20911 5.06013
16.5528 4.11282
11.8213 2.17102
3.10468 3.3216
4.44517 -5.0748
-5.03883 -4.05944
3.23414 -6.11163
17.2842 -4.9086
13.6258 -4.93529
10.479 -2.32685
19.0439 -3.25529
15.1649 4.75532
20.2172 -2.96048
-2.93027 8.46816
16.1282 1.14113
14.7288 -0.232118
5.63267 -2.57194
-1.31751 3.44021
12.476 -2.94241
20.0672 -2.46432
-3.21883 3.77597
17.4321 -0.0860175
17.6541 2.31564
9.67899 0.603678
-4.08203 -8.06148
13.9636 -1.21151
-1.64105 1.22883
15.1487 -5.50731
12.6841 4.87909
-4.66306 -3.15455
16.5776 1.82692
11.4567 -2.05363
0.933984 -3.16234
1.49689 2.13713
16.9635 -4.10727
-5.67626 -7.30868
-4.4522 7.48685
16.5275 5.29222
-1.52128 -4.09518
-5.68053 1.13401
3.66427 5.36277
13.7838 5.67081
9.48288 1.79786
-1.9525 -0.502855
3.74582 6.98908
-7.63371 0.158924
15.5593 1.5228
-1.30293 -0.903015
-8.61999 4.21853
13.4321 -3.23879
1.68386 0.125163
1.92834 -8.67225
-2.50926 8.25393
18.4079 -3.07252
12.8313 -0.952054
4.79989 5.77649
-1.10061 -1.16403
20.2866 -1.99409
3.21181 -0.335383
11.7893 -4.94544
-9.4242 1.03722
19.6767 3.4088
3.67909 -6.16996
4.02805 9.08134
19.27 1.63196
3.9366 3.22577
-4.95081 -1.19697
-5.36416 -4.30522
16.9139 -3.05155
5.62084 5.36948
4.11701 6.45654
-9.0578 -3.96093
2.55519 7.91225
13.8521 0.853037
-7.97481 2.72643
-0.438516 5.12455
15.3621 5.98189
17.2549 0.679637
1.61314 -7.44383
17.4855 -3.04576
0.347174 3.21165
0.601342 -3.48126
-6.01342 1.79087
7.54968 -5.05288
15.423 -0.868519
9.53929 -0.944379
18.8554 1.40065
10.9557 1.03499
10.264 1.7283
10.9014 2.60018
1.93655 0.440626
16.0146 3.3117
-0.953251 0.870356
17.9581 -4.37925
17.4726 4.2117
12.9013 -1.67438
13.9846 0.436143
9.44025 -0.489433
19.6788 -3.06361
-4.53076 1.76874
-5.11887 -1.24015
12.2944 -4.29723
-5.35126 0.419338
0.447257 -2.99575
2.60738 -2.69356
6.53718 -1.41618
0.70792 -9.05058
17.908 -3.30391
4.8342 -1.81244
-8.90159 1.84146
14.2808 5.28177
7.45062 5.39705
12.6245 -2.01829
17.2091 2.97204
12.4553 -1.82706
1.81514 9.54967
-0.571091 -7.21887
6.17406 6.03442
-2.97614 -3.05583
11.7143 1.08589
16.393 -5.43108
5.81254 2.05482
6.77502 7.12369
11.1014 -0.790758
18.7043 -2.98394
20.0578 -2.70923
0.0192629 1.59003
-8.44487 -0.903076
12.3986 3.01707
-5.8008 0.0412271
11.9533 2.78734
16.4237 2.93571
13.8074 0.451054
10.4121 -3.22373
10.9724 -0.676476
-8.19556 -3.77587
6.56218 3.41271
10.4619 1.97441
14.3121 3.34123
-3.8423 -1.37702
18.8201 -0.535702
-5.10372 -3.26813
4.94717 -8.25775
-6.19123 6.92794
10.8312 1.01752
14.1758 2.88187
17.2028 -2.13036
1.0912 -2.63945
17.9465 -3.02925
13.9407 -1.73954
14.5932 -4.75756
-4.70899 7.68878
13.4824 -4.62181
7.4202 -6.17022
10.3628 3.27768
14.7047 -1.94226
10.4039 -3.09237
4.9068 -5.99627
13.8545 2.50901
-1.4538 -2.85749
-6.52084 5.4777
-1.54907 7.59282
10.2933 -3.5546
12.1991 3.1501
-4.34901 -6.10807
-5.642 -2.40014
10.166 -0.260897
3.66196 -3.17503
13.7419 0.553736
18.3825 -4.31062
-4.16446 -8.92768
15.6329 -5.36803
18.9012 -3.04641
3.77262 8.85137
14.4489 -5.51836
16.403 -1.68971
-1.6232 -5.87467
-4.28191 -2.40571
14.7151 5.75591
16.7652 -3.19504
11.2826 0.999208
7.16644 5.82832
-4.74485 0.907154
14.4782 1.59863
-5.30374 -5.77063
19.6178 -0.855387
0.353786 3.98747
-1.93257 7.77312
16.732 2.12996
15.389 -4.91846
6.57329 2.7355
17.296 -0.672843
-7.45158 3.37099
-2.83652 -4.27311
17.0587 0.192113
0.106856 -5.94072
6.34545 -4.09253
9.21657 0.0881065
-3.3651 4.41259
5.67182 -6.64116
15.6419 -3.31161
-7.37077 2.08631
18.0612 -3.3496
12.1502 -5.04543
0.0772723 2.62529
5.87929 -7.33368
5.64099 5.39987
-3.41009 -6.46759
11.3283 1.47447
15.0848 -2.03005
-3.82278 7.80704
-5.40824 -5.11714
17.1374 1.79374
8.54074 -0.865605
15.502 -1.49392
2.46882 4.19769
13.1196 4.59079
13.9951 -4.16799
-3.26453 5.99835
13.5161 0.40392
13.8952 -5.23272
2.02508 9.09428
-1.95301 2.32459
17.7071 -1.43265
0.0288291 0.248478
13.0938 0.909978
13.2089 1.47577
17.4581 4.89879
7.00981 -0.0945209
13.1956 -2.00782
13.6287 -0.323499
14.3821 -2.64891
19.8549 -0.731954
-2.90204 -7.00579
-1.45911 9.55838
17.4665 0.803604
6.53852 3.8376
-6.42677 -1.69275
-1.97074 -7.79655
16.8006 -0.245093
15.2811 -0.196044
5.68444 -1.24615
-7.14362 -2.15725
13.7578 1.31162
7.72614 -4.29508
13.2116 -2.41854
13.1565 -0.663787
17.0818 1.13566
15.0613 0.519611
13.3683 -5.53218
2.77343 2.34808
7.49958 -3.79732
18.066 1.33872
15.9731 -4.39517
17.5268 5.19149
-2.70918 -9.34609
-0.302631 9.1747
4.04787 8.10048
20.7978 0.783434
-5.084 -5.51283
18.3354 -2.55977
-1.95102 0.982262
8.84792 1.4409
-7.36538 -0.72489
-4.74866 4.93828
0.44776 9.38451
10.1005 -2.99358
3.66742 -8.43362
20.0433 0.633002
12.7203 2.67699
-0.228038 5.42782
9.79034 1.00147
16.6713 -2.85132
-5.06625 -8.16695
18.3524 -0.382123
16.4711 -1.76537
16.4475 5.38634
4.29963 -8.01871
9.96425 0.0355886
-1.12136 7.11093
18.1537 0.965247
20.2828 0.855832
-3.41907 8.61564
13.1797 -4.2247
1.08949 -3.12124
14.8947 5.8404
16.6086 5.26905
14.7522 0.583969
13.7594 3.90791
-6.71544 6.40526
12.4804 -3.00413
-0.371504 -2.18167
-4.00535 3.69624
13.9425 4.06515
3.23263 -6.87355
-0.0135783 -0.88749
-3.98978 3.94336
6.19518 -1.79981
5.8483 -7.1346
16.9154 -5.59794
10.5831 -0.307904
0.737503 -0.629603
18.0512 -0.877255
17.0697 4.8126
1.2577 -1.634
15.9434 -4.90578
-2.00571 -3.3838
-6.94407 3.72828
15.0116 3.1744
12.3769 1.54405
-3.01548 0.918147
12.8056 3.06739
11.9676 -3.56814
19.7948 -0.687743
1.06939 -4.87582
17.9395 0.759165
-0.436781 9.69294
14.9555 0.186135
-1.17304 -1.72231
5.1966 2.18536
11.2803 1.95589
-2.90643 4.07945
6.75706 -5.1773
13.1086 -5.46512
9.23075 -1.03971
11.7994 -1.09389
14.4512 -1.8604
17.9229 3.66444
12.6816 3.78104
16.7719 -2.64192
1.48339 -6.58439
4.70473 -1.77611
0.0471772 -6.77706
-2.17673 -9.05235
16.3282 -5.47548
-3.5487 6.95766
16.2418 -0.974348
3.12222 9.03819
-2.02721 6.53973
-3.40085 -0.201779
20.4565 -0.483079
13.2172 -5.31472
18.2972 2.33348
-7.76056 -1.68214
-8.60671 3.17011
16.5058 -0.670325
2.87634 2.75444
6.47523 -1.86636
-2.05773 -2.85793
9.53808 0.556201
2.68063 -5.60563
10.8169 0.00562057
-4.31323 -0.312493
16.433 0.1375
-5.02394 2.22819
-4.80033 -0.461514
-0.198628 -4.60979
20.7607 1.16052
13.2353 -1.38443
19.8984 -1.66476
19.0848 -0.448795
4.47117 3.96907
12.652 -0.553325
11.9133 -4.61561
-3.80227 -6.95708
18.5225 -1.33345
14.0009 -5.23213
12.1628 -2.43069
11.1569 1.25862
-3.39747 8.57457
15.545 0.135524
-4.83122 5.56096
17.9997 4.43879
10.1006 -2.32781
13.8432 -4.37397
10.2826 3.24901
-0.291362 -7.92131
10.6029 2.38232
13.7719 0.143656
14.993 4.65667
12.3209 -1.13887
8.47495 3.56367
-3.86816 7.88503
2.53096 -6.15529
17.692 -2.08737
11.0965 0.346665
2.06901 -4.21554
18.3184 4.07637
-6.50286 -2.23881
14.9053 -3.90876
-3.71949 4.46996
17.7399 1.64294
18.3527 -1.48303
19.0607 1.45472
1.94089 4.0075
9.89048 -0.0632483
0.47909 -4.1076
6.67982 -0.73425
8.24769 4.38873
13.2013 3.6021
3.80934 -4.92191
1.76397 -6.29519
6.69927 5.83715
16.4622 -1.52941
16.3922 0.624376
15.9494 5.12129
-1.66585 -5.00631
15.5582 -1.39845
1.31836 7.3237
11.451 4.1532
2.0209 1.53603
10.5271 -3.74157
13.5746 3.86695
13.939 -0.512072
17.2226 -3.38902
-4.80886 2.21716
-7.33793 6.59336
19.7793 -3.56247
18.6764 -4.44422
-6.44355 -0.564416
14.782 -3.21706
15.6696 -5.50513
6.06684 -1.94279
4.12554 -1.81022
15.572 5.04094
-6.58556 -6.71633
3.42101 7.09905
14.2737 -4.7336
-7.72718 -3.25575
-4.31995 -7.81512
15.7463 4.82113
9.7718 -0.311481
-8.86459 3.10593
14.2344 -1.70553
13.4613 0.236989
16.2794 -3.53831
-6.32964 -1.09811
14.899 5.91874
11.1386 -4.08818
4.78371 -2.02615
15.4151 4.36071
12.587 3.10324
18.1009 1.27776
8.82906 0.645728
-7.37093 5.32693
15.3447 -3.97631
18.4955 -1.05369
-1.26634 6.85764
-8.94475 2.10382
0.669211 4.0355
11.1226 0.0487179
14.9333 -4.54804
-6.50599 0.811853
15.1162 3.00647
5.17366 0.53121
15.3718 5.25102
16.94 1.34779
3.55768 1.03468
-6.20588 -6.17382
3.77997 -4.97685
-2.93382 -6.46448
13.9837 -4.82231
-4.49858 3.60011
11.8692 -4.70433
-2.30092 -0.663646
-2.34484 -8.65012
6.50225 -4.94133
4.89576 -7.26596
16.8111 0.766418
15.9354 -1.24573
6.65599 -4.56124
4.48565 1.67031
17.6878 4.08815
5.3968 -0.554752
15.4976 -1.86267
17.5455 -4.29872
14.6296 -3.48607
3.04487 7.90808
-3.9919 -3.9987
18.1529 2.53118
3.63387 -4.77304
11.9229 -0.564224
15.1282 5.0026
-1.18446 -1.02781
1.13047 4.07721
20.7331 1.26707
11.8686 -5.06008
14.5597 -4.8507
12.6177 5.3539
1.4113 -2.82309
10.2271 -2.7768
10.7953 2.07622
12.041 -3.65978
5.46236 0.203492
-0.170742 6.38746
-1.88561 8.78994
4.22675 -0.606854
15.7782 -5.17452
-0.592574 3.2327
16.3348 -1.72423
-4.53012 -1.67172
18.6381 -1.08001
-7.25803 -5.51033
18.9337 -2.38599
13.6233 5.67089
16.1646 -0.785514
14.8982 -4.4572
0.553585 -1.25044
14.4534 -5.23459
15.3813 2.82585
18.8921 0.194863
13.9956 1.74832
7.87392 1.51589
-4.37497 8.47923
2.74602 5.73307
4.30083 -2.67995
12.2863 -4.05569
14.123 -5.14644
17.2692 1.6215
6.81333 4.2175
11.2087 3.8632
11.4705 -1.24481
-0.513752 -3.79924
16.6241 -4.79676
16.9887 2.54105
4.62156 -0.590832
10.3384 3.19648
20.2756 1.89386
18.6269 -3.62615
12.0876 4.18611
-1.43968 4.30043
0.0818584 -0.621963
-0.600238 -9.93131
-2.00745 7.38064
17.7893 -3.42701
16.3562 2.17097
12.4152 -4.50285
-5.97757 -5.13372
16.1181 -0.430646
6.92454 0.265827
13.501 1.76379
18.9433 4.04276
-1.41066 0.911668
14.2378 5.19396
9.82784 1.59315
-9.58035 2.78241
11.0141 -4.1332
16.5539 2.57209
18.5918 -0.547269
19.4476 1.83507
11.8955 -5.04711
10.7032 -2.2433
-6.99708 -3.49186
13.6812 -1.9951
-6.10656 -1.48842
12.2008 2.36805
6.07679 -5.49876
11.9537 -4.66735
-3.39099 4.37531
12.61 5.18785
9.41415 -0.649495
-1.88501 -2.29569
14.2691 -2.38977
19.3153 -1.23891
15.1071 -0.771804
9.73562 2.04329
-9.58029 -2.59792
-0.836419 -1.558
11.9302 1.31575
-2.16423 -8.35463
15.4317 -5.10611
19.5242 -2.85121
12.24 0.215839
11.817 3.57922
4.16487 -2.75368
3.63386 2.44167
10.0814 -0.908559
-7.70979 -1.263
15.1559 3.92259
-0.638778 -9.70546
15.8996 -1.68852
15.0872 -1.31997
20.4612 -0.0891293
17.3731 2.03112
-5.91507 3.943
13.3603 0.783017
3.9571 8.10377
-5.30197 -6.10962
3.67441 1.02617
-9.61281 0.495376
-5.68926 2.56379
10.9699 0.532798
-5.92133 2.82962
13.8429 2.53773
6.21525 -3.13084
16.2305 0.0805724
1.4034 8.59231
-8.22106 -0.31435
1.0561 9.60103
6.63856 -4.95492
3.71302 -0.520944
9.90406 1.5262
16.2343 -0.669784
19.078 -3.15422
2.06709 1.26848
12.5305 1.1482
-7.48218 5.03933
13.7851 -5.67209
12.6613 -5.38107
19.8164 0.119509
19.8925 0.0399487
-4.65914 8.03463
-9.73423 1.9868
13.7471 5.23737
12.7375 -0.165267
17.3019 0.62543
4.52827 -7.09346
10.8434 -1.9661
20.6146 0.238213
20.4413 -0.789969
15.4489 -4.26468
14.6928 -5.90023
-8.37171 -2.14604
2.57329 7.82597
11.5683 3.10914
5.1218 -0.904765
18.6997 3.73924
10.8229 3.84652
8.09008 -3.81714
13.6216 -3.34687
14.2201 5.04027
12.1371 4.06369
-8.79477 -0.0189573
5.75799 6.47265
6.28105 1.46142
5.16804 4.72111
0.345859 5.72816
0.670296 -5.59581
10.5289 1.21479
15.7383 -3.44576
1.99536 8.50102
12.8048 0.226439
-7.37712 -5.10072
7.48865 -0.244598
-3.04419 -2.67483
13.2326 -0.423066
9.86876 -2.31456
-7.43392 -1.79822
10.7898 -2.99305
17.87 -3.34793
14.414 -2.67712
3.03528 -3.95609
-0.0257303 -2.57594
15.3275 3.31533
2.22451 6.72395
19.6326 -1.92018
20.6105 -1.85706
-7.05218 -2.14002
17.8779 -3.80984
-7.53103 4.47402
11.5824 2.81704
-4.07843 8.07991
13.7241 -2.28266
8.1449 5.39887
18.7617 4.17448
16.5732 -1.29455
-6.7676 6.5156
12.9843 -5.6376
4.70345 -2.76307
-1.60108 3.18376
1.78185 -6.00376
4.11607 -0.85899
18.4796 -3.46573
0.950617 -5.98498
4.48705 5.07478
12.4307 2.50097
2.9093 -2.87356
-7.03625 6.38816
18.4537 -1.0981
18.3559 2.47091
17.1611 0.24273
9.58827 0.286695
13.7542 -5.76575
16.8483 2.97445
0.372958 4.13974
-9.62606 -1.20893
13.3594 -3.59957
-0.0479411 -7.81061
-2.52207 -0.419512
4.962 5.1895
-2.56075 1.92084
14.8767 5.41124
-3.93764 -8.62195
15.2356 3.87331
16.2921 4.92737
17.7573 5.01205
-2.05797 -8.72148
0.303911 -2.3494
1.4777 -0.44759
-1.46714 -0.11242
-1.58713 1.65536
15.2929 -4.88424
3.82346 -8.91263
16.1847 -0.559964
13.0394 -4.62702
9.28605 1.76276
9.52839 -1.79854
9.30237 0.986925
16.4503 1.42199
15.5369 1.57322
1.03553 -8.41267
6.00295 -7.33439
4.07892 3.27181
0.420358 -6.49726
14.8564 0.43332
14.1119 5.52575
3.3435 -2.21686
3.45971 -2.70625
20.0967 -0.770158
-0.571188 7.6284
6.37173 -2.96137
15.057 0.734
11.0812 3.55819
19.8328 -1.44955
5.12059 -1.68396
15.6566 -2.65222
-2.32562 1.83001
7.55797 -0.416926
13.8001 2.28231
15.1824 2.60403
18.1773 -4.68497
19.0676 2.31083
-5.51378 7.75276
19.697 -2.85949
-1.722 -3.74036
13.2139 5.71634
4.33477 -5.24664
5.9934 -7.11896
11.8351 -0.218297
20.6165 1.9689
16.6715 -3.70198
14.589 -1.66765
16.8577 -3.89776
-8.26053 0.0884591
17.3607 3.47311
20.4297 -2.1927
11.8841 -4.92314
17.0907 -0.977158
16.9659 0.857024
4.175 3.53032
14.0223 -0.878915
1.51932 -1.24916
16.6542 0.629168
16.1012 3.39533
16.533 -1.69056
10.7576 1.79221
-5.10806 -0.871537
14.0954 4.17681
11.7661 -1.21691
9.72454 1.74705
2.13578 -4.83275
-0.24726 3.44118
-4.90018 -4.75193
-3.30686 5.84843
2.39565 2.25746
2.61186 1.28883
-6.48989 -1.24042
-6.64056 2.48843
-1.15523 5.07557
17.5246 -4.66758
3.08622 -7.15295
14.5368 1.14033
4.41338 -7.59156
16.6333 -2.71513
18.0414 4.29039
4.53866 5.33188
2.67325 1.73109
-7.04734 -5.08427
12.1386 3.04632
-2.6243 6.31178
3.72491 2.64379
13.3586 3.67958
-3.99885 -0.350348
12.0862 -3.65279
-1.0397 -4.581
10.8366 -2.36421
-2.18554 5.97345
3.92945 -4.39731
2.2833 4.23378
-4.78862 -1.70133
13.8682 -1.19924
14.4925 -4.95201
-0.854838 -7.16765
15.2483 4.5262
11.6962 0.644135
6.21902 4.45963
14.2082 5.1563
18.0071 2.18967
17.5114 0.229802
11.4467 -1.48569
-5.08999 4.19981
12.5878 3.94221
-1.96866 6.80463
13.2924 4.28978
-6.24237 5.06709
-6.07033 -6.06787
14.9375 0.980677
10.5941 -0.427187
-6.71039 2.30501
9.17938 0.883048
12.4384 -1.54471
10.1024 0.946851
20.4578 -2.40152
12.7911 3.08637
2.46799 3.60897
12.2142 0.664117
2.56885 -1.68943
13.8263 0.0776201
13.5751 3.49951
0.78696 6.8656
16.0512 -4.01022
-4.76174 1.52239
13.6233 4.07183
19.6072 0.275153
16.2048 2.89127
17.6187 -2.35849
-6.08298 6.7478
3.94956 7.63005
-6.40105 -7.43639
10.3337 -3.68897
18.7266 -4.15814
18.9017 -2.46796
3.03837 2.96069
-6.80144 1.22702
2.04945 8.11939
2.6045 -5.05312
4.01541 -6.73911
12.0093 2.73248
20.7402 -0.241564
-4.65825 -7.15488
11.3038 -2.37305
3.53325 -8.06805
16.9838 -2.85552
19.6261 0.750042
13.2806 3.93286
4.80232 3.4285
4.55977 4.21186
14.1717 -5.7474
13.2106 2.45805
-1.15303 6.38606
-0.115093 7.6987
-3.34326 -7.90558
-4.27457 -4.45967
18.3659 -0.111613
19.3409 0.802693
7.62268 2.12996
-4.17153 -0.482133
-1.25861 -9.185
3.90613 8.0899
0.46578 4.00287
3.87204 4.90322
7.98226 -2.36289
6.30143 -5.97548
8.54406 -4.1964
-5.50169 -6.2245
3.95461 -3.05929
-2.12385 3.21523
6.82066 1.26012
1.27392 1.011
-0.224898 1.62641
-4.05475 7.93282
3.5561 -2.21477
-7.31992 -0.192196
6.72942 -6.12683
4.65226 -2.52436
-4.15155 0.23131
-7.22444 0.628918
-1.80681 -0.674445
0.75648 -2.22673
-5.70508 -7.48082
-8.07807 -0.998519
5.14265 1.8564
-1.32484 -7.684
-5.20016 -7.62351
5.02668 -6.49787
-6.82117 0.0382857
5.8305 -0.35139
8.91823 3.20377
1.58218 6.86438
-4.98871 6.23656
0.323905 -3.26257
7.24147 -0.578385
-3.76782 0.326467
7.56847 -0.281283
3.37068 3.14422
6.62485 -5.30573
-5.76718 3.55287
1.48189 -2.38383
-6.64569 -5.42088
-3.70885 4.64575
3.26078 8.1104
-0.555404 2.03484
-8.8921 -3.39154
-9.36483 -0.388945
-7.78603 -5.15753
7.21323 -0.840181
1.29588 2.6619
-5.73725 6.17331
-3.16331 -4.3223
3.53654 -1.68165
-8.00799 -5.97506
2.25807 -7.58477
-3.84712 -2.83966
-4.49221 8.91027
-3.75466 -5.16899
-2.11042 -8.94169
-1.73121 1.82319
3.84207 -3.08262
-2.44667 4.51291
-7.46022 -1.05252
3.94948 -6.6593
6.81408 -0.739392
8.97307 -3.78891
-2.99674 -0.954436
-6.99475 3.7947
2.88565 9.47827
-4.56454 8.58731
-5.18641 -3.43634
4.9977 3.53506
0.630083 -4.92079
8.07544 1.97249
3.30566 -7.25325
-5.39452 3.10154
6.07117 -1.05861
-5.1983 -1.26323
-4.68476 1.58614
2.54709 -2.21655
3.04406 3.66322
-3.54046 -5.32334
-2.76648 2.24682
-3.66131 -5.57573
0.942623 -8.88647
4.14936 -8.75651
-6.24375 0.661636
-8.64996 2.19616
1.19691 7.50879
3.87289 -2.84889
4.29351 6.49114
1.91955 3.72595
4.7825 -0.65069
5.66587 7.81126
-7.05325 -2.37857
-4.16032 6.94384
7.80005 2.30786
-3.71675 4.38446
-7.46051 -1.38307
2.81178 -2.78281
-2.5052 -7.7765
3.03869 -6.30083
-2.25635 -0.677184
3.71741 2.4754
7.77382 3.01107
-8.89929 -1.29743
-8.73667 1.25161
3.38969 -3.36029
6.20954 -6.01558
-3.39846 3.60885
-2.80886 -9.13438
-7.00768 -6.79575
-7.60417 -6.43265
-7.25546 -1.35421
-4.93843 5.57674
-1.28113 -5.9089
8.97657 2.84539
-0.990916 -6.75348
1.06928 2.60408
-1.20612 6.67337
5.90521 -5.86495
-5.66587 -2.09804
-3.27175 -7.01767
1.92493 -2.14331
-7.09878 0.564662
-8.68059 -1.87626
2.54381 -7.69953
7.05387 -1.84018
2.50906 7.23391
-7.55527 4.21027
-2.936 -0.908085
-1.9906 6.58519
6.17917 -1.66688
-1.8037 -1.47288
5.41825 6.20336
3.09576 -2.05808
2.99903 4.78001
1.51278 5.92553
-1.65727 -1.04081
-7.64275 1.48085
-0.676323 3.60422
0.419379 -8.40492
1.10208 3.90039
-1.48878 1.15234
7.51938 4.18826
1.83358 2.88457
-8.35055 -1.43169
5.32708 -4.78463
2.86616 -9.29787
3.13729 0.713855
-4.52542 1.80785
-0.446434 -6.56318
1.16509 -1.1241
1.54621 8.84144
0.821609 -3.11797
-6.12431 -0.613578
6.86389 1.20552
0.37571 9.39209
3.5422 5.33218
-0.257352 2.77282
6.38499 -4.28758
8.2052 -0.38844
5.37678 0.205748
1.76934 9.00671
8.99982 0.298066
-4.18852 8.89179
-5.58101 -5.98473
5.87183 3.82679
-4.2377 0.0729716
-3.59095 0.676664
0.819325 -1.23032
7.7431 2.2619
-4.92994 -5.15002
2.58778 2.99719
-3.46283 0.196366
6.09331 1.81364
8.38944 -0.285377
-8.7693 1.17666
1.20739 -6.71495
-4.87061 -7.38202
-4.3242 -1.12417
3.64861 -0.55508
-9.18315 0.019978
-7.50624 -1.09265
-3.9284 2.32854
6.86926 4.20512
-0.749015 -4.9998
7.69782 2.57519
-2.1091 0.844102
2.18086 5.53199
2.85681 8.77808
0.902471 -5.0983
6.10922 -6.42246
-2.9631 -5.53337
-5.05747 3.76166
-8.65065 -3.81538
1.21843 -1.51133
3.48536 8.32934
0.688488 -9.38072
-8.521 0.0248075
-3.77581 -1.046
-1.56529 -2.92006
-6.54471 1.84587
-3.61143 6.59947
-3.88075 -7.37984
4.36215 6.54853
2.51989 1.91684
3.68139 9.20718
3.10382 3.5812
-0.290262 6.42638
-3.10641 4.78769
3.19061 -9.1954
-3.55794 5.00116
6.68751 -2.7504
-2.82857 8.22045
5.31139 5.72891
-6.03269 5.83773
0.64428 1.31877
-0.649132 0.221569
-6.33746 -1.12409
-2.76449 7.36846
7.9325 -4.25271
-1.3972 9.0776
-1.58379 -9.51576
1.61972 8.51215
-2.15309 -1.63692
19.4731 14.5762
-14.3263 -14.1822
-5.13103 -0.820128
16.5993 -15.3942
12.3341 -2.22991
-4.91504 -2.5308
-19.9348 5.37374
-0.842759 11.7965
16.7684 -1.66607
8.46747 6.55278
-3.45686 7.95799
18.5498 16.7881
9.85318 14.0659
11.8219 7.28378
1.96347 -1.35639
2.49978 -1.51768
2.85622 17.25
-7.67395 3.80453
6.254 12.6814
-15.4277 13.1519
-2.22077 19.3215
13.8553 18.9902
-16.4854 -10.4515
14.2059 3.07889
-16.5823 -5.21389
2.87567 -4.43376
-15.1236 4.60015
-6.0683 10.3106
-1.33301 1.53815
2.97476 2.54938
-12.6205 9.149
-16.2752 11.0347
-12.3064 7.34715
10.6561 5.43982
15.2074 9.318
-4.98282 8.03415
5.81665 -17.2543
-18.4553 -18.2054
-12.2937 12.3989
6.53799 -2.09426
11.4607 -4.93846
-13.9673 6.85145
7.38212 13.9809
-0.926561 -1.31001
-8.65294 -2.94123
-18.3472 10.7118
4.0934 3.38721
-3.28342 -10.8531
-13.1058 -16.1588
2.8339 -7.70529
12.9675 9.65711
4.24426 15.2962
1.17233 -8.5233
-3.94148 -7.76084
-0.54838 -0.986622
18.651 -10.9384
-19.3927 -13.756
5.24544 -15.6927
-6.67671 11.7203
-14.791 8.46748
1.3098 9.8312
-7.33718 -4.00603
-12.0084 13.5252
-0.95676 16.3329
19.6075 7.37606
18.4161 -5.47344
10.4254 -9.85121
-4.97362 -6.89661
3.41186 19.8373
-13.592 18.4691
-4.20255 -19.7355
15.0229 10.6747
-17.3781 15.2394
-5.86957 18.3786
6.30431 10.6438
10.3955 -7.44913
3.74617 3.93891
13.6429 1.9149
-14.1371 -17.4003
9.86348 8.97387
17.0938 -5.17958
-15.3834 9.16844
-6.95947 18.567
10.5444 1.80774
6.26179 -8.02078
3.42693 -15.9375
18.0236 2.77736
-16.4669 4.84179
5.33943 -2.79416
9.62017 6.42036
-11.5701 11.0074
-19.7008 18.2377
14.9448 5.57997
-15.5251 -16.9023
-6.69417 16.1504
-3.5017 18.7432
-10.4856 -0.891237
-11.9562 -11.7554
17.9032 -11.3362
-18.9495 2.89555
-2.53031 -8.19728
8.77258 -14.5468
9.02451 12.7129
-7.8761 -10.0391
-16.9638 0.457543
-7.27125 -9.96136
8.15518 -3.85437
-1.61815 -1.60467
-15.4993 -17.1652
-7.65681 3.47612
0.899388 8.35888
8.93071 -1.57901
-10.4134 17.4794
17.5909 -8.31064
5.32958 -1.78727
-2.7802 -1.95177
9.25752 -2.32634
-3.15292 -5.08147
-5.72454 -2.95864
17.5723 -4.31811
-1.16876 11.8022
14.9591 17.397
-6.1022 -3.63057
14.6332 7.32935
-6.45676 7.91123
10.4424 8.77172
3.11034 -16.3819
-6.88174 -6.75229
-11.3744 -11.8291
11.8062 -17.2185
-10.3155 -5.09835
-15.024 11.5839
-16.0745 19.9562
-1.04002 0.15299
0.0505273 -3.53833
-1.11444 -9.72933
1.55546 3.70968
-6.64755 12.1011
15.2161 0.0938324
-0.0810027 -16.45
4.73264 10.7847
-15.9606 18.4823
12.0811 5.28373
0.18695 10.1552
-4.91136 4.65031
15.0429 -8.0669
-10.5649 13.6656
-19.1312 11.6437
-19.7978 10.0637
-14.3704 -2.23685
-19.4085 13.6595
12.4876 -19.0718
15.35 16.9795
-10.5171 8.82113
-9.53942 19.7821
-17.323 -16.8579
6.02584 18.0553
2.0188 -3.55629
-8.00865 13.5033
12.4707 7.86014
-17.8602 14.6618
-11.4784 -14.4018
6.4577 12.9762
-15.1032 2.15116
-9.09225 10.7554
-11.454 9.83973
-8.66489 8.0461
-8.1087 16.4234
14.8016 -19.8025
9.11665 -4.27507
13.4048 -13.9565
1.29256 -0.407407
8.33502 3.48707
18.8932 2.54284
12.1504 -9.84368
10.5714 -13.5031
-9.19782 11.5844
-19.5917 -12.1953
13.9441 -16.3288
18.0363 10.0768
5.5845 6.40675
8.90003 17.4044
-18.5942 -17.7792
-16.6615 7.74954
-0.00505695 7.05736
-1.18365 13.8206
5.67964 -19.8341
-6.7524 -1.82976
-6.37757 15.8684
10.6795 -0.300725
-18.4193 -13.0953
-9.91164 10.4769
-12.5395 12.4539
-18.3549 -12.2781
-2.97603 18.7893
11.5046 19.3548
-9.39248 10.2095
-2.75769 5.60159
-4.90464 3.19008
7.14956 -13.8813
