2000
-1.45078 9.88975
-5.91622 4.29091
-2.84737 -2.13574
3.40405 -8.54734
-9.08611 15.7015
8.11953 -0.359044
-0.560861 -9.60502
-1.74367 -0.340313
-1.06386 -2.76568
7.44841 -5.07229
4.78277 -14.5025
-9.28736 -2.67811
-14.8003 -0.660114
7.28971 3.51217
9.62518 12.1273
2.76104 7.59356
-0.552182 -1.64123
0.23216 -0.356
2.94313 7.46977
-8.32178 -1.27805
-8.7469 13.5718
8.72969 -16.3101
-0.139393 0.785952
0.258908 1.31376
14.9803 0.266971
13.1738 7.83973
14.9842 9.58676
-3.89533 -6.92018
-5.06574 3.40531
2.98015 7.93471
16.7561 -4.56526
0.796439 -2.02871
-1.48536 -2.4651
-2.39045 -2.72808
-11.7713 10.0974
0.300165 -2.03244
6.13928 6.15146
-8.25428 -4.23516
7.78981 -5.42236
5.70761 -4.823
-1.25097 1.0935
-0.500612 -0.379905
2.89035 -0.532859
15.9001 6.64213
14.6738 12.8346
5.92356 -3.58899
-11.6036 -11.5826
10.3005 16.8607
10.1617 -11.6512
-2.448 0.800892
-15.4674 4.83805
-0.602261 -8.76762
-0.984755 6.82135
4.66472 16.2833
-9.06894 15.1528
-1.87944 2.56749
-10.0784 -14.4188
-11.3062 16.2482
9.79085 -1.49408
-1.58371 9.83522
2.21082 -1.98424
0.257029 2.95929
-9.5225 -15.7914
2.64562 -0.172313
4.4745 17.9137
16.2794 5.48638
6.32869 4.59244
-0.126566 2.93892
-1.69584 -6.84945
-9.96391 10.5984
-2.30066 2.62645
-2.64513 0.940999
-0.980103 -1.58146
-2.23547 1.99892
-5.03529 -15.0346
-2.66622 2.62604
13.3201 8.33554
-6.6952 12.4086
-0.507541 0.48063
6.02316 17.3939
9.095 2.02768
0.18919 2.68693
0.419468 -0.992722
12.5677 -12.8292
-3.63117 -16.3129
-2.16961 -0.0300534
0.690285 -0.549082
-8.44931 16.8795
-18.5716 0.225515
4.14508 -4.38134
2.37602 0.48103
0.0627447 -1.61828
8.84706 16.5084
2.2651 -2.67748
-7.62296 4.55432
5.16272 -5.01236
-9.37213 -2.23291
2.36895 -0.801674
2.96285 2.92944
-17.0133 -9.85154
1.79489 1.20154
-1.29324 -9.59776
9.99333 15.8955
-2.32509 -7.42165
-18.0328 -2.44137
-1.85988 -0.221575
-8.2249 16.3287
4.40571 -17.6869
0.934338 1.14768
1.45531 -1.08471
-9.2991 2.95482
9.28494 -16.4319
-6.33179 -1.69503
6.37729 -14.8622
-18.5151 4.36393
6.64804 2.67587
1.03269 1.53822
13.0963 -11.5337
-6.09731 -7.05412
6.74554 18.1178
-8.05672 5.04661
2.20426 2.05717
1.38215 -0.15627
-4.87329 8.13803
2.44041 -1.86662
16.0556 9.2833
0.389824 -1.51753
-11.6672 14.6051
2.44134 0.678024
2.76739 -6.96052
-0.523075 2.41248
-6.29471 -0.0213367
11.3257 12.5855
-0.312926 1.6028
-2.40667 -0.64957
14.5052 9.43267
7.18326 1.96634
5.25293 14.4049
-16.6424 -0.664548
-16.6702 10.5442
4.11579 5.70016
-2.76819 0.729325
0.580431 -17.8109
-10.9279 14.7414
0.263315 1.44963
9.59983 12.1467
-2.77737 -0.31905
1.85678 -1.09379
-2.85131 5.98556
6.41265 -18.2436
9.02733 -2.88132
1.02611 0.193453
1.4597 -2.36321
7.30755 17.4219
12.6508 7.32426
5.91951 4.44471
-15.196 0.508125
2.73068 0.726617
-3.85114 8.12167
17.4397 -3.23144
-16.4051 8.7295
-5.03326 6.41496
-13.6602 12.1181
10.4525 -16.0263
-2.89687 5.31141
-17.2119 -0.768892
7.93551 1.28355
-4.91688 -5.01274
-15.681 -11.9941
-5.53637 -7.70711
0.676754 0.320755
2.03284 8.3823
-18.0123 -1.19826
10.4731 9.52865
-1.56005 -1.13189
-0.154308 -1.06455
10.4132 -14.7488
-8.9146 -4.19731
1.31738 2.20785
-6.49702 -0.128808
-2.39292 7.85879
14.1666 11.2225
8.32998 16.7282
3.94422 4.80909
-15.6608 -1.89243
6.60193 -12.6699
2.19007 1.58705
-8.5331 -4.81457
-1.26598 -16.0168
8.94359 2.66475
9.46276 13.5587
6.3687 2.57468
-1.22507 -1.94328
-4.17396 -6.63983
-10.0764 -11.736
10.9819 9.02359
1.92428 -1.11651
0.512066 1.09139
-2.13164 2.07914
-1.90198 -2.51053
-12.9433 13.2146
8.10397 0.467426
1.18216 9.57242
-2.07556 9.47737
-2.77219 14.1562
-16.9157 -8.22674
11.9843 15.458
-9.16328 -1.8458
2.52246 8.94177
-6.98537 -5.03917
1.93676 1.34956
1.05453 0.470473
-2.66756 -2.09565
1.46659 -0.282703
5.16503 -13.3486
2.65777 -0.435277
13.6425 6.29927
2.34398 -1.82328
1.90184 0.842442
-14.6999 1.48357
16.1596 3.91596
11.0603 -15.8528
-1.86279 -7.02629
-19.6233 -2.12495
-0.953431 6.5387
0.86058 0.970858
-3.37648 16.912
16.2533 -7.26755
9.20415 -16.2733
0.528618 6.90899
-1.45768 -0.863469
17.1513 -0.481081
2.81087 -1.02213
-16.713 -8.54005
-4.49896 7.12302
1.19255 1.2364
-1.79236 1.08082
-7.47595 -4.40317
-12.7649 9.98235
-13.7675 12.5805
2.32941 -16.1233
-0.433133 1.97945
-18.6788 -4.26947
-2.74034 2.22887
4.12652 8.79769
9.11311 14.6694
-2.51453 9.63723
-5.90971 5.26247
-16.2444 6.28085
9.54545 -0.912468
2.43518 -1.72346
-8.97463 2.38976
-7.85878 0.607459
2.69988 2.64142
-5.94626 4.68465
-5.3635 14.9439
2.86345 -2.17527
-19.6399 -0.637352
6.04652 -6.05646
-1.83179 1.02375
-0.349562 0.137977
14.1881 -11.7403
-4.8651 18.4449
-1.75707 -6.56022
2.76671 -1.31118
12.8185 -7.11356
-8.10874 -11.9898
-1.13746 -0.938693
-2.74181 -0.768506
-5.91612 13.8415
1.46127 0.289746
2.42926 -0.254641
-12.9088 -6.65029
-11.5316 11.6805
-0.366334 -0.824935
-1.90508 9.67129
19.052 -0.698472
18.6956 2.86334
2.223 -0.392844
-15.0543 3.89075
-2.6911 -2.99783
1.31071 9.53227
6.14704 4.38124
14.4045 -12.4398
-7.9203 -3.81261
1.92977 0.139768
8.51567 -4.8928
12.8722 -14.3023
-11.4051 15.3256
-2.23865 6.23479
0.453509 -0.872371
-2.72189 -2.14667
-2.59832 -9.30622
-1.39614 0.468715
-0.224516 17.8898
7.56721 -2.37527
-18.6821 2.15441
-12.7235 6.34146
11.1841 -11.4415
2.93733 -1.02589
7.96133 -3.64795
-7.33831 16.6375
-0.250784 0.797883
0.655819 -1.55166
-0.472862 -1.89956
6.04527 7.62877
4.30383 -8.08025
14.2903 -8.86573
-6.95627 -17.8345
2.13382 -6.60633
5.49472 -8.19993
4.48801 18.1555
-0.303202 -18.7843
13.1107 8.20825
-5.08929 -5.42898
-2.93608 5.50983
-0.864686 -7.53459
1.82813 -16.91
6.6358 -0.919557
12.7551 15.0828
-5.04566 -5.61652
8.44391 1.72848
3.67992 14.0991
14.204 5.74687
-16.4782 -3.51969
5.73418 16.4388
5.88083 -17.4182
4.30974 8.32441
6.04187 -3.46179
1.64642 9.16096
3.01239 -19.5986
11.6293 8.5992
7.37975 5.8175
-10.7734 13.3753
7.08026 6.28025
14.9681 5.55792
-5.50624 13.3247
-1.21273 6.14249
16.278 10.6167
7.72759 -4.13538
-3.48236 -9.33337
14.546 5.10196
-10.4907 -9.69847
4.66154 19.404
-12.0177 -13.071
14.6849 -6.9705
10.0298 16.7279
17.033 -10.2486
-3.98045 -6.56847
-7.79408 -5.0889
13.0992 -6.46393
-9.2918 1.46765
-2.90449 13.994
9.66127 11.6919
-11.5971 -9.6032
-6.58901 -6.312
8.75113 0.399502
6.05666 6.10405
17.4315 2.10635
0.390525 -7.24044
-0.941073 -7.91758
-7.37661 0.848441
-8.54394 17.613
-6.77294 0.719798
12.3631 7.43252
-7.95715 5.36785
-5.13152 -7.87361
-6.72564 13.255
-5.05733 -4.39107
-7.04451 2.11165
6.62249 6.40199
3.33438 19.4672
-16.4665 -5.75302
0.00850039 9.97677
-7.96916 4.73431
5.69423 6.15528
6.47118 -4.97599
2.00267 17.2935
-3.50217 5.07218
6.42192 0.815992
-18.7646 6.34195
8.489 -2.04404
1.74559 -14.6056
-13.8214 11.153
14.1101 14.0911
8.31007 -11.6767
-1.89338 -9.59093
-9.21859 2.81669
7.93054 -4.38591
19.5806 -0.81434
-14.4395 7.66453
-5.27822 -5.58505
-13.6154 -4.38422
2.35264 8.86221
-6.92787 3.80352
-12.1831 -9.28467
-3.77477 -4.78801
14.427 -7.68154
10.1772 -14.9127
-17.0278 -3.70265
5.33604 8.29747
1.16137 -15.537
-10.2486 15.7478
5.1079 7.60659
-18.9921 2.99264
-11.8095 -12.3116
-4.06696 -7.62987
-5.56669 7.76525
9.11802 11.3561
-17.9036 8.43798
-6.10242 -18.1
0.307629 15.8585
-17.7865 -1.04097
-8.40958 3.06812
-10.1124 -13.6578
15.4671 0.871207
14.5269 8.82107
5.92511 5.2942
-10.4974 11.6015
14.3144 -11.8666
8.44266 -4.59317
-14.0859 -0.911993
3.92043 -7.7516
10.5114 10.0421
8.84323 3.02985
5.21957 8.13976
-5.07741 5.95834
-17.758 7.19024
8.94039 -16.7599
12.309 7.80786
-5.79138 -7.10405
17.8386 -5.09423
3.15824 -16.7971
8.53695 1.24518
3.38317 -17.8817
14.8987 12.4519
17.3064 -7.2046
15.2439 11.9809
19.2359 -1.91948
5.90311 -18.3772
18.5664 1.27702
6.79393 -6.0191
3.90718 -4.92763
-9.40875 12.1457
16.0329 7.6819
-10.2104 -13.5974
-13.8037 3.31368
18.4141 -4.24207
6.75688 -4.13796
2.89314 9.08202
-5.75972 -5.3713
-2.1605 -14.2233
-8.59049 2.67166
6.76173 -5.96672
-9.22697 14.319
-6.73633 -0.468478
-14.0299 0.186806
7.22952 1.78142
-1.10075 7.00247
-5.56965 -7.71937
5.22776 -16.9869
-7.97501 -4.81095
4.32674 4.69499
15.2561 5.93917
-4.07038 -17.0747
17.3276 2.4337
-6.36037 -2.98185
2.25987 18.0116
-11.1617 9.20136
17.7936 -3.35929
13.5343 5.67241
-4.51749 -7.96244
-4.91334 -7.38678
5.3009 -3.56243
-7.44978 0.68061
-4.87253 8.00472
-6.67612 15.8703
0.971102 8.39971
-5.91306 -5.56465
-13.0859 -13.4208
-8.08069 -1.01335
8.43845 -16.2258
-2.69539 19.4
-0.0618919 6.60223
-17.992 -1.35042
-4.2152 13.7319
-9.5859 15.6492
-5.90946 -5.90975
-2.24517 7.77948
6.62431 -5.66306
1.97036 8.60175
10.3971 -9.87495
6.89205 -5.93233
-13.1832 6.99163
-2.98565 14.1635
4.76613 -4.54676
-7.39293 2.41318
-1.13975 7.28552
-5.14406 7.54725
3.69502 5.22014
4.46026 -4.32723
-19.0266 -3.36625
0.698287 -9.38857
-2.12583 6.26208
-0.0114338 7.72682
-3.62894 8.12671
7.93786 -0.879319
9.04208 -2.84066
17.6606 -5.71682
-13.5534 -10.5031
-7.45406 -0.600187
-17.7713 2.35153
-1.92848 17.7894
0.121522 -15.4109
1.07213 9.83442
-17.2422 0.659462
0.474051 6.35746
5.53328 -3.65098
-6.07242 -4.79225
-15.81 0.193447
7.25537 18.2692
-12.099 -13.9139
-8.37438 14.6581
-17.1111 7.97928
-7.32153 4.24069
4.17762 -5.13603
7.71117 4.25924
-6.64156 1.93806
-11.6003 8.82909
-3.07083 5.32567
18.3296 3.88786
-6.1056 3.29178
6.07106 -4.50308
2.90379 -5.88733
16.5321 8.19297
-13.4227 7.87997
7.07939 -6.97867
-7.23563 -4.92235
17.6406 9.22167
-7.43992 -6.34265
11.8599 9.3708
-2.6183 6.48434
-0.550025 16.5478
-6.99895 -12.6356
1.80901 19.448
7.4884 17.2421
3.13047 8.07758
-17.4363 4.07618
-8.38046 2.257
-7.51583 -5.1462
-16.4872 4.67659
5.96046 0.852954
11.0923 -11.0373
0.306223 -9.0071
-4.07598 17.7596
3.63553 18.7536
15.1111 -7.0882
-3.26625 -6.48513
-1.84776 7.39522
13.334 6.40423
14.6754 4.3924
7.92484 13.3634
-18.9012 -5.83307
13.4081 -11.1268
-12.2248 14.0294
-14.8686 3.73466
10.9927 -14.6143
3.79611 -15.9574
16.2932 -2.57367
14.4199 13.7207
5.96026 -4.0033
-5.55113 -6.93446
5.70918 12.9513
-8.84396 -0.0505521
-9.05596 12.1059
-9.67583 -0.563417
13.6589 -13.1889
6.03932 6.74147
7.27488 -18.1348
13.4955 10.4814
-3.43383 8.8931
10.4983 13.911
-14.7424 -2.80687
5.20303 3.32984
-4.64127 -5.61821
14.9101 -1.91376
6.64931 -7.3119
-14.2066 -6.2193
17.473 -1.88471
-5.40424 -15.868
-4.62949 -5.66678
-14.6925 3.58508
8.37658 -2.30501
13.2642 12.671
-7.43315 4.47834
6.70125 0.0206561
9.83284 15.7142
-17.2517 9.38099
8.51502 14.0979
5.54814 -6.58634
8.51549 -0.546723
-14.2848 -3.84405
-13.0869 9.2911
-4.2878 -5.62373
16.6083 -4.10743
4.86677 6.09812
-16.1783 -8.9315
6.49756 4.97782
4.91097 7.39874
6.49517 15.1915
-17.1858 5.13193
-4.98899 -8.33729
14.008 -4.61168
1.50821 -6.99244
13.3198 4.74546
1.39555 8.05422
-1.11763 8.19454
-9.68089 13.94
-16.4503 10.6757
-0.0107121 -7.11685
1.08672 -6.82862
-1.94105 -19.8841
-1.32286 16.9165
-3.66185 -5.2136
4.57 7.40692
-4.81878 -14.5052
-4.51803 8.30404
-14.4834 -0.155506
7.50854 -4.11925
4.64043 19.2728
-3.5573 -6.46889
10.5761 -12.7664
7.10067 -5.17439
5.02848 -4.44101
-11.8942 -12.9718
-10.2444 13.4849
6.89853 -17.4348
8.51212 -5.18768
-5.02984 5.00491
2.85577 18.7391
16.2612 8.38165
2.01639 -16.6425
10.7906 -15.996
-1.89947 -8.06842
-1.75549 6.79872
-0.851531 -7.14292
-1.35916 -8.48941
6.61999 17.3676
-6.7519 -15.0459
4.27969 7.55761
1.33214 -17.261
7.5177 -6.41894
5.41335 17.7355
9.40624 0.42899
-7.55288 4.33191
-9.56933 14.3355
-4.50666 18.1904
9.22208 -14.2101
-6.30168 0.975599
-8.58072 0.657104
-14.4162 0.237369
5.73973 -3.88757
-4.74419 -17.9393
17.2642 -0.510053
4.30881 5.7699
-8.32219 16.9314
9.58395 16.5528
11.4038 -14.8874
-16.4949 -10.7672
4.82147 16.7696
6.09902 5.82607
-2.07368 9.08842
6.64981 -3.51897
1.14266 8.9886
6.62295 1.27097
-5.54045 4.21232
9.34553 0.072979
1.31852 -6.3583
-2.75609 19.7078
-7.00588 -4.76328
-1.59802 9.03913
-3.97967 5.08252
6.61499 -1.46409
-0.517352 16.0385
-0.474368 -8.31404
17.074 -2.86242
3.35606 7.8337
6.1996 -3.85505
2.49619 8.01894
5.67656 3.73814
-10.3289 16.5961
-6.95025 3.98163
-1.34065 8.38596
-8.2144 -2.00127
5.41057 -5.64153
3.68372 8.48854
19.6162 -1.31395
14.4283 -4.6926
10.252 13.922
-8.67648 16.7862
-11.1319 9.25909
-6.7609 -5.60797
-1.33783 8.07717
-4.91547 7.93442
-14.0605 14.1638
-13.9485 3.56602
2.92189 -7.15167
5.15442 -17.1668
10.1928 -9.75186
8.59084 -3.46782
-4.78815 -15.1938
1.22223 7.87377
-10.5914 14.3863
-8.83509 -16.4305
1.2317 9.01463
8.42671 -16.5426
-3.85838 5.344
-1.48875 -8.20855
0.0270864 -9.13129
14.7233 -8.48143
-17.3422 -7.96664
-6.06453 -1.03811
2.58331 -5.52568
-4.60363 -7.09913
12.655 14.7574
5.90553 -3.0691
-2.89832 -18.5877
-10.8866 -12.9548
15.2043 3.49474
5.74514 -7.37318
8.6902 -1.33369
9.39357 -15.6083
-2.92879 6.92806
-12.535 13.7376
-14.1332 6.69331
-6.60092 7.08982
-7.74586 4.47367
-0.344903 6.88174
5.12024 4.57359
8.01152 16.6716
10.9734 -11.9777
-5.47218 -17.7054
3.6659 8.43615
7.94691 -0.0328204
6.57351 -5.28954
-1.21976 19.0585
-10.4816 -16.0667
2.21286 8.36452
6.57718 7.18823
-2.73816 8.40362
5.64272 18.2359
-8.46968 12.2155
-9.18057 14.1117
3.61306 18.1647
-13.1543 14.1471
-4.70146 7.77867
-1.07838 7.7559
-5.92121 5.04036
3.80817 7.9579
12.9979 -13.8248
-12.3148 -10.5313
8.84004 -16.2559
10.5743 14.4645
-16.359 2.44339
7.25253 -5.86493
-4.2235 -4.40349
-1.97757 -18.0539
11.0076 11.8159
13.6637 -12.1292
3.7983 14.4409
-4.70568 4.76306
11.687 -13.6879
17.5149 8.9318
7.3474 4.87064
12.3273 -11.2485
5.34185 -5.66332
-3.28134 5.26949
14.8563 -7.77059
-6.57093 7.23533
-18.8866 -2.13452
-12.234 -14.3948
0.269497 -9.15901
-4.70234 16.9612
-12.1966 10.879
-14.6054 11.5531
8.29082 5.18835
-10.8323 9.53529
14.2409 -1.80009
7.19694 1.00393
9.83611 -13.9167
9.22694 16.5206
12.5666 9.47974
5.08495 -3.8824
-4.84164 19.3149
-16.161 0.783921
3.79169 -7.01777
-7.67989 15.297
-6.50253 -2.81757
8.72672 11.6493
-8.84943 -14.1541
-4.69056 -15.3133
-0.135009 -7.4776
7.8973 3.12877
6.99587 -7.06493
4.60884 -6.869
7.89507 -16.8382
-3.05707 -19.636
-7.73979 -0.933985
4.57156 -7.25468
-14.9896 -3.09187
7.20898 -4.37164
10.9082 16.2433
-12.2401 13.4947
5.13527 18.5869
5.77965 -14.6463
-13.8702 9.44031
16.5574 5.49831
5.55514 7.70392
4.17697 -8.75702
-16.9782 8.19827
5.04431 -3.89089
-2.81402 -6.53602
1.169 -6.4161
3.40892 -8.60744
-10.85 14.2803
-7.21055 4.0864
17.0894 -2.64168
-17.5022 2.04266
-3.56029 -7.69427
3.7557 8.62418
-15.3811 4.48095
9.97948 14.6912
-5.14636 5.1606
-4.89198 -3.84571
6.51269 18.8648
-5.33896 6.31993
-7.10043 -12.7518
-5.36647 -6.90553
-17.6241 -3.20183
5.04982 -6.25155
-5.90163 8.0483
14.7011 -1.84426
-18.0973 -2.73836
-2.92398 -9.46842
-9.58555 -2.3789
-14.4484 13.5999
13.8189 -5.62062
6.08993 6.39095
4.15175 16.7014
17.4585 3.63225
-6.38657 17.7367
8.57486 -4.29083
7.74131 13.8853
-17.5847 1.65688
12.5942 11.3964
-6.53572 1.48893
-3.52236 -16.0334
14.1078 11.9747
-3.32946 7.52506
8.77437 4.33365
-4.3882 7.00235
-5.22262 -17.5574
-0.533499 6.61081
17.5233 -0.806571
-17.2774 9.87059
2.0849 15.8335
13.0477 10.9455
-2.17569 5.64532
0.603693 -9.42698
2.9517 -19.7149
13.8737 -1.89512
0.432386 9.54701
9.13678 -0.554929
15.8981 -8.07787
-6.95908 -3.6127
4.1789 -7.951
12.4918 10.6364
-6.0767 0.898295
4.2385 -5.59508
14.4979 2.16606
-5.92652 -18.1284
-4.77195 -7.02487
6.26332 -0.817809
-1.94082 19.8771
-7.19906 3.53711
-18.3368 4.62142
-8.5719 1.1343
14.8752 -8.37303
13.7059 -7.93912
-0.438977 14.822
-14.2448 11.1289
-4.24881 8.47385
7.51834 -2.10976
-4.65352 -13.8824
-4.26534 4.75502
-1.38055 -7.94329
-7.74916 11.7156
11.4316 -14.1618
4.11404 9.01027
0.468553 19.3922
-14.9683 -7.7791
-4.9798 18.4937
9.22782 -2.62196
15.099 11.525
2.80419 -18.3073
12.7234 5.93447
9.24935 12.1057
-4.01514 19.3826
12.3829 -6.70527
3.40953 -6.78953
-8.22867 5.64361
-4.46893 5.51994
16.981 0.362399
4.58053 8.51542
5.39849 -17.2996
7.16097 -17.2883
13.5658 -9.2047
-13.5355 13.163
-0.88063 18.3613
2.9643 -9.24769
1.30612 8.78302
-9.18383 -14.8223
-8.57856 1.02975
-8.23659 1.15309
-3.47967 9.28543
10.3064 -14.7239
-3.29868 -8.9567
-10.6386 11.286
6.73494 0.320389
-10.7566 -16.2778
-9.60326 -1.5741
1.89169 15.1055
1.76033 18.4499
-4.8983 -3.83239
4.36534 -5.38378
-4.67581 15.789
14.7528 -4.24978
7.0198 -0.507627
-6.34508 5.45261
-5.88472 -1.39075
-2.33407 17.9466
6.32202 -17.8248
17.6969 7.03736
-1.63804 7.38009
9.70945 -1.68695
9.155 17.4792
8.14658 -4.06337
-8.371 -1.04346
-18.5129 4.73599
1.73686 -18.3748
-2.82329 8.8354
11.2134 13.1642
7.43702 -17.617
-2.6402 17.4427
1.08491 17.5265
-16.4883 -1.83077
6.81173 2.0369
-7.88709 -0.988215
-17.9786 7.01066
4.21776 6.65199
-9.37487 -16.0466
-17.4285 -1.04052
13.183 14.0292
-3.10162 6.90565
-16.8825 -2.50067
-8.37868 4.70143
16.7837 0.318202
0.324749 -8.15275
-14.1655 -12.4855
-19.0812 -0.581337
16.2329 1.34425
14.775 -12.1657
-17.2715 -8.78609
-1.6408 -19.4898
-17.1557 -5.84483
-4.8387 13.938
-17.1926 -3.82223
14.5159 8.78138
-13.8645 8.41866
-7.8259 -5.51672
10.3603 -15.4161
18.0541 7.49771
-6.8094 15.0028
-15.2334 -6.36731
7.84893 4.51139
-4.81198 13.8758
1.38631 17.8179
-0.983435 16.6888
-1.06047 -18.4326
1.78806 14.1092
5.68699 -6.60675
-8.39824 -5.16334
-0.380388 -15.3497
-18.2802 2.09955
4.66349 4.91007
-4.30857 -5.52572
-0.67821 8.54053
13.8211 -12.5947
-4.47217 -7.91471
1.14246 -9.02832
17.7316 7.01259
6.4369 6.32417
4.14479 -7.18623
-15.536 9.79192
5.38393 4.64032
-7.088 -14.4165
-14.666 10.5947
3.93049 8.02747
-0.0440318 19.8131
-11.929 -15.6711
-7.96589 1.75507
17.1048 6.83825
-6.30066 -5.72533
-7.2254 -15.2946
-0.237562 8.07039
-18.6972 3.45919
-14.7571 -7.28255
-12.0925 -13.7212
8.34871 0.1537
17.1121 -3.27127
13.7904 7.27802
-7.35606 -1.41566
1.27728 -8.18469
14.9079 10.3356
3.11417 8.09205
-6.57736 6.23505
6.09151 -14.9138
-5.10156 14.4494
-8.159 16.145
2.53723 18.5373
9.25918 0.212281
11.9 -7.81709
-13.1591 -11.6136
-8.56417 0.010945
-9.00117 -15.4736
0.0932534 6.6612
-2.4755 -8.01879
5.72058 4.76961
1.16442 -8.5486
-2.43525 -6.11558
14.3286 -4.94636
2.78127 6.83761
18.2024 -6.26927
7.77322 -0.90424
-17.004 -2.71103
-6.59788 -13.8347
-6.38929 0.781108
11.76 -10.0711
-6.54723 4.89856
6.83185 -15.8316
-3.55266 8.89314
15.1752 7.41271
-17.324 -4.91969
16.9445 4.86786
14.3312 -12.9336
-2.69646 -19.2607
-3.80799 -19.0754
-7.4938 16.0471
-5.20155 3.37862
17.1773 7.11009
17.9511 -0.399993
12.8418 -14.7347
4.50594 -13.9567
6.12683 4.55662
-0.443632 -8.6841
8.90791 16.1782
-1.98411 -16.0781
-1.11985 -8.78913
-6.16737 7.36439
0.599913 -9.48304
-12.6244 -15.0568
18.8476 0.00262159
14.7593 -3.25756
-5.82937 -13.9477
7.44101 -4.52239
8.43754 -18.1134
-1.17012 -8.07737
-16.6848 6.26251
-2.99069 5.57389
-6.14439 3.19711
-16.1868 -7.03859
16.1249 -1.02291
1.61987 16.7711
-3.2859 8.45733
5.27976 6.43707
13.6871 6.68748
6.6719 -3.53403
11.6873 -8.54868
-3.63335 -8.99627
1.84609 16.4996
8.27015 -2.67652
-9.56638 13.0314
-1.72942 -8.07128
-17.0929 -2.10946
-11.0199 12.6454
-0.250977 6.42351
4.32603 6.48561
0.711947 9.02713
4.82902 -6.69596
1.9939 8.01474
8.51763 2.05376
-0.926692 7.28608
-7.08244 -6.39203
8.08582 17.5291
-12.4563 6.79691
3.8379 -15.0371
15.7672 -6.16326
-6.34337 -14.4288
16.1153 10.0433
2.42064 -5.9301
10.5389 -13.8683
-0.00259622 -6.57637
6.62109 0.0714714
18.9957 -3.64308
-4.00807 -8.95692
-7.30211 15.8255
2.61254 -7.78378
-17.4824 -9.47383
-5.49439 7.69592
-11.5951 11.567
8.0928 2.29573
6.15098 0.790026
-13.9322 10.9508
16.1339 -0.905911
-16.7207 -5.40525
7.7657 -0.773589
1.09089 -15.338
3.39888 -14.1122
-4.35653 -16.8514
-7.35556 0.535424
-8.91852 3.54307
4.30995 -16.107
-4.85059 -15.5831
-18.9655 4.02272
-15.1307 4.70962
7.18125 17.9448
-9.06249 2.82008
-2.46324 -6.42535
-1.92222 -9.18251
16.2411 0.663602
9.11177 -2.22817
-7.95767 -2.33462
7.87263 -3.24329
3.63099 -17.2421
6.33767 4.90459
2.97133 6.78683
-0.513377 6.00554
-5.56314 3.65009
-11.0572 -8.70944
-6.00948 15.6246
15.5597 -6.48433
-6.28049 -6.74472
-7.40743 -6.40169
-19.659 2.47621
-4.20558 -6.35741
0.301188 7.56563
-14.0297 -7.38437
-5.06586 -16.3692
-15.0294 7.42708
10.1057 -14.6056
-8.19308 5.32481
-2.95405 -16.8884
-2.56956 5.87964
-7.22111 -0.771501
-13.2401 14.8261
-3.94999 8.80387
7.2403 -2.12426
6.33738 5.80778
-6.99317 6.6497
6.78196 -12.4237
-1.38953 -14.4257
-13.7331 -6.93023
3.60032 5.81541
0.961852 -6.14751
-13.1588 -13.4102
0.556372 9.0354
9.00561 13.1384
14.5282 -10.9677
2.87539 -7.97545
-13.6854 14.4087
0.926389 -7.38704
2.09173 8.60867
-6.50957 1.89176
3.24175 8.84444
6.59752 12.9073
3.75496 18.5557
5.56876 -7.83999
2.92787 -8.541
-13.593 -10.8774
0.238441 -9.41794
-7.43491 -15.2818
-7.82529 12.3932
5.90822 -3.43554
-7.46017 -5.41278
-1.22368 -9.16116
5.32486 6.31696
-5.93162 -3.16578
4.75187 -4.4225
-6.44788 2.99803
12.6307 -13.3142
5.03054 -6.34009
-15.1082 3.48429
-15.672 -1.4643
-17.8068 -3.72535
6.01496 -5.95542
-2.01729 -17.5024
17.0025 1.74765
-7.77334 -4.495
-7.77618 11.8714
-4.10714 7.48086
17.745 -8.22247
-8.51816 -3.41365
-2.72591 -6.8404
-3.05514 8.5984
12.6968 -13.459
-6.44887 3.54407
-1.56531 6.70486
-5.97905 -1.27568
-2.73813 9.4841
6.57177 -4.16537
10.1667 -13.8045
-13.7383 10.4269
-11.4163 -13.9184
11.9154 15.1113
-5.31451 3.04717
14.6107 -7.09221
5.2982 -16.6642
6.56266 17.0686
-8.01312 -2.69226
-4.98834 16.9745
-0.634606 9.14563
5.65101 6.35566
-11.0943 9.05008
10.9249 -10.9836
-2.62243 8.59017
-11.9688 -9.94815
-12.5239 -8.81276
8.30051 -12.1006
1.46031 -6.45592
6.12866 17.3342
-0.233932 6.71367
6.26971 18.4992
-17.9199 -7.09993
-18.3014 2.73402
-7.41551 3.46577
-8.38741 -3.56474
8.68432 -4.10532
7.70322 1.97589
-12.0673 -10.7566
-7.57584 1.17312
4.84393 4.27262
10.9589 -12.3616
-5.0658 6.54404
-6.12475 16.465
6.85307 -5.87887
13.2132 12.1566
-11.7384 11.8856
7.64877 13.5256
-5.06799 14.2222
17.0036 -8.05756
12.0043 -13.3268
-5.94928 3.33788
-1.14359 8.90859
6.50441 -2.20727
-1.48697 5.86062
1.39587 -14.7174
-9.28904 -2.30527
-18.4231 -3.58383
-13.2024 14.9988
5.82714 -3.64569
2.74234 -5.63768
14.9258 10.2792
-4.68716 5.86078
-0.463253 17.3736
-6.19302 1.92751
-6.67369 -4.999
-6.57255 -2.90167
8.66173 -1.57563
14.1285 -13.0983
-1.69178 5.82569
-6.03242 -14.2903
-1.9237 -6.16374
5.73131 -4.52901
1.84158 -19.7814
17.9972 5.79758
4.8749 8.39348
-9.28348 -3.07492
5.35633 4.94145
8.03574 2.35167
-0.0971988 7.85969
14.9742 -6.24799
-8.60004 -1.32148
15.2834 -12.4922
12.5286 -14.5295
-4.54954 16.9415
7.70866 -1.53096
-4.21552 16.592
7.86518 -0.656381
5.15669 -5.04387
3.43077 7.83191
9.26416 -14.3494
14.5151 -10.0318
-3.0325 -5.97703
-15.4537 5.08498
1.74808 -16.6971
-22.6091 -8.66877
23.5126 20.315
-11.517 -22.4658
-3.8513 1.47791
16.2645 1.82885
2.43044 17.337
17.1367 -8.73466
-7.22628 2.21812
-23.8454 -7.94621
4.73886 19.7798
-13.2276 -22.0677
-0.177685 11.0442
-6.41996 2.04705
-14.1971 -3.89304
-17.0989 -8.60523
-17.4844 17.604
-10.1364 13.6342
-21.7803 16.4345
15.2209 -14.1735
12.7323 11.276
-15.8649 22.2489
1.05054 24.2718
-21.9035 -23.2809
16.8255 -24.8719
-7.94813 13.3373
19.1881 13.0479
9.14549 15.2514
-9.40306 -11.6273
9.29451 -15.3194
11.8509 -12.5928
1.28854 -4.65151
3.79664 22.6543
-17.6092 16.1349
1.01653 -8.37515
9.00892 21.5035
5.45329 -2.09223
22.6375 22.5622
9.08137 21.6251
9.54127 19.0983
-11.8077 11.2661
4.60002 -15.7938
-23.7534 14.1298
21.2695 -6.80955
-20.3221 -24.8753
-24.6055 -13.3485
6.02148 8.31536
12.0431 0.820543
-0.847286 7.62139
15.3022 22.7838
-23.4736 24.7765
-7.02433 21.6839
-3.78711 -2.83401
3.13331 0.19022
-18.0824 -3.08376
-12.9211 -22.8301
-10.589 -7.75651
16.1499 -24.1012
24.2414 6.38086
18.016 20.9129
-1.30694 -24.4991
-10.7651 24.9574
16.5227 1.46832
-10.7994 10.2283
-22.0393 -16.3678
-23.7851 -20.2192
-13.3417 12.6498
13.6232 -11.9079
14.7878 -9.84294
21.8955 2.85609
-13.9268 6.72263
-19.4825 -24.1256
3.1285 5.20707
-17.9796 13.4588
-23.4956 2.39857
20.4875 -17.8068
20.865 10.2589
4.79439 -24.0422
-13.6073 9.63756
-21.7489 -2.12092
24.6025 24.389
-4.7241 -23.8347
7.7237 12.3411
-22.4641 -15.656
21.4415 13.3733
5.39451 1.2492
4.81678 -12.0094
-15.6446 -11.3539
-20.7995 -7.19329
-9.52811 -12.8057
-5.06878 11.7529
2.29291 -18.1037
-2.32142 -7.77292
10.4461 16.6851
22.5049 3.60138
12.528 24.8523
-20.7625 -2.8819
23.7195 -18.4925
-2.43476 -12.7766
14.9145 -1.55705
18.6802 22.8899
7.86988 -20.703
-18.5823 22.0369
1.2113 9.84334
6.03434 -8.11039
-22.8338 -6.85233
-15.918 9.34367
2.30018 4.04382
3.3054 -9.4769
4.7332 8.63573
-13.8979 12.9724
6.06099 -6.23098
-16.7769 15.42
-9.11964 19.2089
-10.1292 19.0951
-11.7959 -1.4373
-11.4616 -8.42434
-23.747 9.16219
-21.666 -17.1228
-14.747 -17.1581
24.9995 2.11125
-3.76068 -24.8205
-9.79322 -20.906
-9.43993 -18.7954
-10.7422 -8.12315
-5.54329 -21.9877
12.2073 7.55084
10.5256 2.25058
-13.9481 12.6648
-14.0945 10.485
8.33811 -13.0783
18.0584 -24.609
-22.2822 -19.418
12.795 -24.1114
-4.21287 -14.1084
-3.88092 -17.4239
21.2488 19.6585
9.27583 15.6886
-12.6678 -13.6487
-13.7729 -20.4417
-7.25714 18.1653
17.5829 8.34186
5.97275 -9.64415
-0.99678 -13.739
-23.7874 -9.68604
-17.0019 -1.82576
18.4066 -13.1842
-2.62961 13.7337
5.27987 7.20628
4.00524 4.12406
22.5781 1.86095
20.092 -6.13698
-4.81147 20.1423
0.0809868 -1.28442
12.5151 2.86539
-17.8595 8.55403
13.7578 12.0357
2.55691 -22.1886
24.8831 1.03247
-1.57996 -2.27418
23.2574 4.23482
24.0616 22.9772
-0.124325 20.2423
20.4671 -9.11718
7.93588 -14.5235
1.09312 13.402
21.7298 -21.1651
-21.5076 -2.74749
10.0632 14.1893
8.32698 -0.935696
-16.3398 1.25526
-21.5395 21.3818
-13.7387 0.574852
22.5562 17.5063
-20.2525 -14.082
-20.5426 9.02854
-4.01777 -17.1031
13.3263 19.5963
11.5181 15.9768
23.5722 24.2174
-16.2358 -20.814
5.48053 3.26173
-11.2317 -13.6689
-12.3367 9.45181
16.836 -4.02756
16.37 -16.2483
13.23 -21.2071
8.55735 8.43491
-4.99066 -20.702
-17.3552 -20.459
-6.59838 -1.5888
5.39008 14.0482
10.0994 17.6654
3.45242 -5.87401
10.8153 10.3073
-0.192166 -21.364
24.8574 -15.3189
7.74594 -21.8368
7.02946 13.9625
-7.85688 16.4531
-23.5126 9.28086
