380
7.77927 -4.60518
7.92358 -5.7186
3.92533 1.9488
6.45348 -4.91156
-5.11988 -4.62554
7.02041 -4.725
7.22827 -3.25868
1.72957 1.2206
3.89501 0.948462
6.01254 -4.01648
-3.63459 -3.86767
7.77931 -3.30562
-4.46842 -3.0485
7.98716 -3.45924
-5.3136 -3.11949
6.31609 -5.84253
3.21719 3.73747
1.99242 2.46677
6.75816 -5.95357
7.13784 -4.30728
-3.15186 -3.27412
-3.40926 -5.47137
2.55203 2.13942
0.382325 2.20839
-4.64617 -5.65023
-5.21011 -4.02639
-3.96915 -3.32257
6.07656 -3.94852
7.65638 -5.66412
7.02958 -5.59444
-4.42115 -3.16388
3.97932 2.82899
0.390865 3.62861
2.93757 2.35898
-3.09788 -4.37931
0.934605 2.23148
6.37424 -3.4991
7.90495 -3.0307
6.79925 -3.77041
7.36901 -3.85329
3.63681 3.893
1.59459 1.29114
2.46784 2.4662
-4.52754 -4.98498
-4.02154 -5.24911
7.01562 -5.90996
-3.40296 -5.02131
-4.07075 -3.4482
-3.50241 -5.16195
2.02546 0.488333
-3.22257 -3.72793
6.01759 -3.83249
6.38883 -3.97893
-4.1665 -5.98171
-5.15217 -4.51402
1.1173 0.659179
-3.12651 -5.90397
-3.47018 -3.81136
7.20454 -4.53994
6.54717 -5.93126
3.3075 2.54188
0.325895 2.20987
-4.02334 -5.96234
0.0611055 3.86201
-4.19984 -3.95859
-5.70259 -3.60816
7.45127 -3.62935
0.945223 0.612899
6.00169 -5.40927
-5.27599 -4.96683
2.45245 3.41205
1.55681 0.593854
1.10721 0.641692
2.23405 1.30057
-3.59084 -5.94651
1.68836 0.781146
-5.28219 -3.64975
-3.76818 -3.52773
1.72281 1.25289
-3.55698 -5.91703
6.05829 -4.82785
3.23612 0.0765818
1.9187 0.8103
-5.67151 -5.54707
-3.75269 -5.01611
2.27865 1.99876
2.5432 1.80944
-5.84853 -5.43127
-4.71447 -3.07875
7.57312 -3.24997
1.33968 0.388859
2.50308 0.636895
-4.15917 -5.07666
2.67189 3.43628
7.75938 -3.68135
7.687 -5.84383
7.69084 -5.76322
0.116945 1.11008
0.291044 1.65381
-5.10807 -5.7898
0.614951 2.37795
7.51694 -3.39187
-3.43712 -4.62598
6.29378 -3.10941
-4.44105 -4.58771
0.169745 3.98387
-4.78166 -4.52199
-3.91812 -5.3888
3.02853 2.79936
0.73902 0.346313
7.54623 -4.61772
-5.92562 -3.01714
6.15869 -5.66621
-4.79306 -3.41205
-4.53567 -4.72793
6.21336 -3.56274
1.36491 2.27149
-4.15846 -5.65146
7.40642 -5.8826
-3.47287 -5.02499
7.27339 -3.01609
3.43556 0.343151
3.12422 3.57499
7.12052 -5.44289
2.98863 2.54575
-5.31102 -5.64625
1.02338 1.88988
-4.39779 -5.27645
3.27606 0.0903781
7.82737 -3.63077
3.10004 3.14391
6.40231 -4.47775
-4.64753 -4.79876
2.27648 0.0204329
2.83134 1.41051
-5.92427 -4.72091
6.55789 -5.57715
-5.45142 -4.98286
-5.89066 -3.54877
-5.07904 -5.89281
7.44446 -5.43586
3.1552 0.833108
-5.13101 -4.93659
-4.66161 -3.61891
3.98962 2.7974
-3.71786 -4.36315
0.514744 2.72359
2.21956 0.727421
7.80004 -4.67686
-5.22047 -3.25814
6.07797 -5.11332
2.92412 0.848236
3.74922 0.549045
-3.70293 -3.76121
-3.48158 -5.04612
7.58444 -4.43744
-5.39066 -3.99417
0.730053 1.74195
6.78048 -4.68588
-5.42556 -3.39421
-4.97917 -3.49667
6.83482 -4.24684
-4.76498 -5.78599
-3.37451 -3.84425
6.78774 -5.73429
-5.06029 -4.38994
6.36031 -5.6738
6.81659 -3.59434
-3.81863 -5.31955
6.73008 -5.68651
0.0967231 0.756488
6.23509 -3.57385
-5.35588 -4.67434
-3.94665 -4.95485
2.81749 0.915095
1.91094 0.0192175
-3.08504 -5.18415
6.41417 -3.40358
1.29018 3.48176
7.65524 -4.74542
7.27293 -3.8741
-5.80478 -4.36747
-5.61378 -3.68472
7.3365 -4.82809
-4.29707 -3.28597
-3.95286 -4.13112
0.742557 2.20232
6.32243 -5.70017
-3.49337 -4.44465
7.60895 -5.69597
-5.26928 -5.82262
7.78594 -3.84681
2.0196 1.59144
7.97662 -3.90569
-4.91632 -5.64282
-4.74115 -4.46707
1.50314 1.93026
1.23414 1.61712
3.35565 1.59927
3.62151 3.70932
-5.9594 -5.18773
7.522 -3.26359
6.7337 -5.76409
6.23639 -5.83146
-4.05722 -4.50568
-3.31289 -5.39195
-3.62316 -5.10018
6.62913 -3.18691
7.17827 -3.35777
7.19793 -3.87868
2.27083 0.444562
0.74046 1.93085
0.663563 1.79583
2.17014 0.891546
-3.69444 -5.1787
1.31346 2.21013
-5.28906 -4.25367
1.30067 2.80624
0.380598 0.089476
-5.08607 -3.21484
-5.95534 -4.26188
-4.22834 -4.05704
6.40425 -5.55136
-3.7288 -3.92053
6.39384 -3.00505
3.40804 3.24565
-4.50896 -5.74638
-5.61791 -5.70518
-3.36505 -3.55384
7.65923 -4.29915
0.529201 3.5159
-3.84731 -4.64553
1.22366 2.84305
-4.64431 -5.98202
7.35843 -3.78135
1.8237 0.609591
2.53709 3.50591
6.26064 -3.30643
-4.70441 -5.83168
-4.25916 -5.57055
-3.56199 -5.37724
2.31172 3.81773
-5.13588 -4.73393
3.33594 1.64197
6.32163 -5.70033
-4.1801 -3.15029
6.5472 -5.92849
6.8652 -3.06166
-3.69435 -5.04788
7.06481 -5.06876
1.99634 3.05656
6.45178 -4.83935
6.28366 -5.19604
1.19622 1.22362
7.10529 -5.66282
-5.28842 -4.67632
3.08859 0.392667
-4.35738 -5.11984
6.40835 -4.42555
1.45752 2.83862
1.06547 1.09181
-5.7775 -4.20125
-3.87475 -4.15911
7.11816 -4.51293
2.73282 1.36635
-3.4389 -4.50583
-5.21623 -5.12512
1.45444 3.82947
0.43783 2.2221
-4.95212 -3.38461
1.72655 3.46413
0.748463 2.11857
-3.42913 -5.73264
-4.179 -5.61541
3.70456 2.89902
7.54498 -5.2729
-5.87916 -3.46129
-3.97595 -5.40309
1.91429 0.745337
-3.0019 -3.73205
0.116401 3.94938
7.29454 -4.70824
6.25542 -4.60909
-3.88966 -4.82336
7.10978 -3.39161
2.61565 2.28311
7.27602 -3.58788
-4.89884 -5.9261
-3.66159 -3.2164
6.52472 -3.2457
0.683033 3.07067
0.493727 2.0463
6.38018 -4.24403
3.12836 0.00784129
-3.18646 -5.69
7.27 -5.66464
-4.07147 -3.91593
-4.59534 -5.23589
-5.0014 -5.7345
2.97835 0.795674
0.385006 -6.0287
-3.8769 -3.12115
-7.5968 9.44523
7.15987 7.06303
-4.64053 5.33187
-6.96247 -0.979883
-2.60301 -9.38981
-3.51613 3.70071
-3.79153 -1.90669
-4.45346 5.04905
-8.91271 7.86033
8.84387 -9.6532
3.02886 -2.30124
-2.11371 6.66307
9.15985 9.31312
0.785908 7.30803
-7.45404 -9.91354
0.251227 -9.51096
5.14099 -0.646922
3.99552 -6.16884
3.25808 -1.21719
6.02047 9.33362
-5.14742 -2.73488
5.0028 4.61613
0.978058 -9.26603
7.48865 -2.2131
-2.00919 7.55914
6.62157 -2.18682
5.44104 -4.41328
-0.126156 6.3318
9.72403 9.99663
-4.658 6.03939
-4.93033 -2.34958
0.00297223 -6.37435
6.64854 0.709538
-5.49653 4.88409
-3.9862 7.16314
-4.30898 -2.7872
-8.69794 -3.94007
-0.637086 -0.263818
-9.50825 6.27086
-4.73032 6.33813
-3.29911 -3.02726
7.32089 4.41384
-2.84291 1.79235
-2.49266 0.180544
-8.91301 -8.9159
-6.17612 8.12936
-9.40449 -0.477625
-3.35282 3.7778
0.82877 -0.675324
6.34381 6.33476
-0.544044 3.10686
9.28307 6.55208
-0.619 -6.62697
-3.0422 -3.97684
-5.95326 -2.38897
9.56169 -1.48059
-5.09376 2.5246
1.85193 7.65883
-4.16601 -5.95685
9.81516 -6.11137
8.85915 8.10343
2.43137 -7.50354
5.18393 3.97548
-4.91615 -6.40446
6.70138 4.52924
-2.84096 -6.57334
8.77498 5.12885
3.27242 -6.98845
0.948114 -9.86026
-2.32459 5.55059
5.46437 -7.75034
-7.65117 -1.10598
-1.73122 3.67694
3.264 0.626046
-4.72025 0.146455
-0.393463 -7.46027
-0.113869 -2.57286
0.67906 6.04329
