2500
-0.297105 14.9215
16.3382 -7.22148
2.6829 1.5715
-6.22297 -11.718
-15.6275 -34.8506
-10.1947 -10.2997
0.53173 19.4467
-1.24398 -2.3886
2.99001 -1.08892
5.73232 -10.9049
30.9433 15.3355
12.2275 14.1246
33.8424 10.1331
15.5139 5.12865
36.7482 12.0729
-9.6018 14.1268
-0.464445 0.877961
2.17224 -2.84366
11.0681 -12.3859
11.2235 7.84783
25.766 27.5705
-5.22407 -36.916
0.8168 0.577796
1.14324 -0.903388
-28.8185 -21.3765
-30.7349 12.2636
-25.4427 -22.4514
19.9584 -0.230703
18.3744 -7.49189
-14.007 8.6315
-30.4778 21.4838
-2.67113 0.655826
2.49505 -1.99939
-0.920653 2.16156
-7.92256 38.98
-1.66198 -0.712097
-0.970183 -17.7355
2.48268 15.7129
-11.0628 -10.2339
3.48873 -16.2183
2.13989 -2.29606
-1.51842 0.13732
-0.312662 1.63708
-1.37346 -38.0414
10.5215 35.3533
-4.5021 -18.8844
-24.7087 -26.2606
4.413 31.78
23.3022 21.5035
-0.36965 1.02332
-29.3933 -23.2792
19.6958 0.409746
17.1823 0.549844
-29.8316 7.80278
-16.0434 34.5767
-0.345729 2.20366
-33.5883 2.51081
-27.2317 17.5146
14.1082 8.16872
-0.508249 16.6898
0.593287 0.0606306
1.14456 1.57881
34.0067 -8.56286
-2.38785 -0.424709
9.40972 30.8011
-30.3762 -17.6579
12.3192 -2.13178
2.29796 -0.754265
-14.2879 0.42284
28.8022 -16.5213
2.45604 1.44541
0.101775 -0.393551
-0.537028 -0.239239
2.61887 0.875723
24.1404 21.0471
-1.72433 -2.35546
-33.7098 17.7234
19.1303 25.8146
0.438491 -2.18713
-6.14245 -31.4983
-1.01486 -12.3968
1.57498 -1.80736
1.1695 -2.8411
-34.2757 11.0378
-30.4289 -17.4028
0.874114 -2.04424
-1.51891 -0.920834
36.802 5.71753
31.5744 -17.2385
-18.2502 -7.1794
-0.102077 -1.50101
-0.796882 1.84393
-9.17356 -32.6128
-1.95673 2.81396
19.2994 -1.87598
-18.2011 -1.0295
-0.267729 17.3952
2.28953 2.42197
1.20661 -1.81736
21.9063 32.6729
-0.645537 2.49672
-0.893845 18.9781
-22.3645 -20.9605
10.0805 11.7128
22.8414 -31.8387
-1.00788 -0.882528
0.772719 34.0444
-23.7355 -25.7982
2.70096 0.27722
-2.43529 0.238374
-6.96171 18.5202
-15.6826 31.9617
9.63464 16.8755
-14.6095 -30.5401
-39.2429 -7.30757
-11.3981 -15.625
-0.0180328 1.05245
-29.1337 -25.6386
-6.91105 17.5992
-5.79728 32.0584
13.0198 -8.79551
-1.24327 -2.32397
1.79712 -1.5544
13.4808 10.8781
-0.518762 -0.669048
-25.4551 24.5587
0.115652 -2.43037
-0.947112 -32.2531
-0.144066 2.44454
-8.78185 -13.3068
1.01487 1.86287
-6.68026 -13.5685
-20.2354 -26.3527
-1.03613 0.481778
2.05129 0.869072
-27.972 -12.1369
-4.25525 14.9126
31.904 -7.51743
-31.7342 2.88476
-16.8926 32.6373
0.796468 -19.3615
0.699009 -0.167524
36.4387 -2.51018
-33.4273 -12.9519
2.29688 1.59322
-23.1181 -29.6563
1.30625 -0.40476
-2.35795 0.451373
-17.07 9.42831
31.4358 -18.3678
-11.1311 11.0991
-2.55915 0.869949
1.76706 2.85709
-3.71204 30.1889
33.4029 2.75061
-17.4965 2.00823
-32.7668 17.6523
1.57278 -0.913327
-13.0047 -7.38409
-26.8118 24.8321
-29.3597 16.5838
-2.2761 -18.7797
-4.6965 -33.08
-1.14221 35.5435
12.8027 -6.51002
0.545725 30.3627
-17.0921 -9.19346
16.7545 6.44079
33.766 0.179845
12.1816 -13.3154
0.579897 1.92176
12.259 -8.07111
29.0934 -14.5823
-32.8865 -22.1463
1.44333 -2.81087
-2.96542 2.95727
11.4545 31.9587
10.9493 -15.3018
2.51146 -1.22682
-13.2088 0.799692
9.39221 -11.3676
18.0403 27.8506
14.9622 -31.5806
14.519 -5.30027
21.2433 28.4933
16.9631 27.5641
-0.806494 0.603886
-15.6479 -7.40562
18.2283 -26.663
-0.958533 12.4623
21.9457 29.7826
18.1223 -1.98233
-1.52425 -0.263809
12.9225 6.82089
7.5488 37.021
-12.0883 31.0461
-0.991627 2.79775
0.222726 -1.74017
2.48827 2.7992
2.54419 2.50136
26.458 25.1782
19.1115 0.883476
15.2635 3.39102
16.5795 5.79175
-22.4071 29.9229
-25.5554 24.332
38.5581 8.59181
-6.65092 10.4103
18.964 -3.14425
-4.56666 15.0015
1.1997 -0.480429
-1.08336 2.1392
-2.74082 -0.0554848
2.54025 -1.03269
-1.88293 31.322
2.91598 0.544208
32.093 -16.5849
2.99008 -2.12543
-0.465834 -2.60404
34.7106 7.05685
10.5127 -35.0013
31.3674 -3.28981
-16.6301 3.28127
-27.5768 -28.1942
8.96813 -17.5909
1.70961 -1.95263
-11.7775 31.8539
18.8457 29.9894
-28.1653 -21.0507
10.0373 8.08997
-1.6354 0.819965
-20.4862 33.7387
-0.712708 1.67165
-18.5122 -32.7103
8.08107 9.17085
-1.03004 2.4041
0.151845 1.0601
2.36728 17.7294
-34.3397 -19.2212
19.2436 -34.2641
4.97402 31.5675
-2.92416 1.8884
-37.464 11.6251
1.14157 -2.15171
-16.8752 6.37248
25.2801 26.6716
10.2006 10.0615
-14.7814 -3.96649
-27.8884 27.2087
12.6578 11.3349
-0.896404 -0.861879
-13.9911 -9.99504
-12.5059 -4.87383
2.84479 -1.89699
11.7149 15.609
30.9655 -9.19212
-1.64617 -1.49977
-15.075 -37.0415
-7.6824 15.6442
-0.826163 -2.95003
-0.771723 -1.43409
-35.72 16.327
37.1078 -5.32032
9.10732 12.0011
-2.49419 -0.121383
-12.8832 -30.7042
26.789 -29.6994
1.56146 -1.7353
-2.07766 -0.338463
18.4617 -35.2011
1.51208 2.0198
-2.77867 -0.208362
26.2908 -21.0806
-24.2042 -28.2754
2.82545 -2.0121
-11.5863 -9.14448
6.65587 37.6434
27.746 13.5035
-2.88959 -2.16131
11.1786 -34.383
-1.23015 1.50788
-17.5169 -0.681278
6.37702 15.6256
-24.0684 -25.5867
-5.89138 -11.8741
-0.382103 0.741399
-11.1574 -8.39547
-6.01878 37.8528
-7.35936 29.1521
-19.6031 2.53387
2.03101 -2.13796
-1.88015 -2.66687
8.09997 -16.6618
-2.62395 -0.00637354
-36.3406 -16.6167
12.5849 -12.4332
-36.1244 -4.25449
-11.2261 30.4954
28.0066 -15.0839
2.2595 -2.31936
-6.51989 -11.5717
31.1593 3.8186
2.82474 2.53623
-0.642049 -1.55511
2.69884 2.4416
-5.53131 13.5496
16.1258 0.934703
31.716 2.15139
12.4564 31.4396
14.9417 -5.12913
17.6286 -7.86334
-38.2721 7.17951
-36.3701 -8.84392
11.6102 -29.1112
18.8438 6.57008
1.66886 -17.5496
-4.36215 16.1761
-23.5268 26.0829
-3.92137 -13.0496
-26.315 23.8198
14.9971 12.8661
-13.5612 2.14234
-12.1516 -29.4552
19.4739 -33.3851
-35.3346 4.51896
-9.50797 -30.313
-3.4821 -34.8183
-7.80992 10.9397
-8.78889 -16.8094
-12.7135 3.20848
30.1206 -3.81093
-16.366 36.3025
4.04706 -19.5084
-12.7507 -27.4649
16.7052 2.84964
3.12206 -29.9384
38.9249 -0.372501
17.7226 0.869565
24.6969 -17.3846
4.13598 -12.7426
13.7059 3.75134
-39.7431 2.62597
12.8812 36.3558
-32.8137 -3.2018
32.3826 -19.1192
-29.2255 -11.8623
-9.33388 30.0501
9.34751 36.3867
12.9955 -7.42517
-15.9164 3.3079
17.8686 24.2186
2.26767 -17.3403
23.8361 18.7929
32.9596 -8.14832
14.6267 -32.3971
15.7064 9.33215
-4.33644 -14.6101
2.72664 11.9601
2.93116 -38.1146
10.6481 -13.1206
12.7164 -2.12771
-12.3651 -0.384453
-37.4176 8.57489
-13.0049 7.79093
-5.47009 -39.1809
-9.1378 -17.4861
16.3868 -6.63889
-7.14646 31.9172
-14.5132 -0.559902
18.8814 2.82374
17.7888 -4.14752
-7.91059 31.8295
-39.5381 -5.1855
13.5363 -6.56201
-18.7786 -3.66744
14.9708 -9.96429
11.3602 -14.5153
14.651 33.1319
-5.57145 18.4288
18.408 -3.51477
-3.50127 37.9398
14.5391 -9.18887
-12.5476 32.7626
-23.5374 -23.8727
28.7422 17.1766
29.6663 -5.16612
13.6396 1.60367
-15.058 2.74183
-17.0223 -4.15891
9.95602 36.4207
-19.8988 27.205
-14.9465 -0.893065
32.8098 8.42908
-19.4789 2.70752
7.61622 -15.9925
-34.1072 17.3325
-4.41334 13.6207
24.7617 19.1489
16.1316 26.8069
-12.214 30.0543
3.42584 16.8431
30.7805 -17.6542
28.1084 18.4047
-16.9767 -7.53378
33.5108 14.4596
17.9408 -26.8625
5.28451 17.4383
17.4995 5.80566
-28.6618 16.5183
31.1016 -16.5707
-4.98738 -34.0352
-3.6578 -33.541
36.1352 -7.7343
-6.59471 -10.5052
33.8433 -3.33225
7.91864 31.485
36.2818 14.3671
10.2464 -8.56477
7.00913 -30.1826
12.7321 31.8376
-4.64293 15.0759
-24.683 -30.7805
-6.40669 -16.6155
-10.4278 30.2938
-18.461 3.91226
16.2756 -1.51979
-1.10543 -13.3618
36.4085 -1.27699
-22.4823 22.9035
-10.6224 -30.8331
-12.9412 14.4711
-31.8966 -15.7777
-29.9211 -22.4833
8.46839 17.2755
-1.73616 38.8815
22.9827 -25.0541
-0.907461 -35.869
24.7663 -19.3236
32.8164 13.4166
34.4539 10.7599
12.227 -33.0599
5.39975 -12.2811
-15.2572 8.46062
-22.7181 -21.3981
-28.1076 -18.9146
0.221167 -36.0462
34.8429 -8.98326
37.8709 -9.22493
-0.156163 15.198
-3.57464 13.2285
-13.8588 11.6374
19.368 31.3539
8.5351 14.5599
-2.51799 17.138
30.3964 1.06174
-9.89578 16.3887
-23.2999 -27.9232
2.80528 19.1648
1.96879 14.3547
-19.3477 1.54014
-29.687 -10.2475
-14.0301 -11.8704
-8.43138 -17.2623
7.09668 -29.7755
-22.8315 19.7491
-14.6896 -28.832
17.1181 -7.16682
6.33561 -35.9018
-29.0771 -18.1655
-5.34107 39.356
-28.4384 -10.7737
4.85603 -14.9333
18.2811 -3.34637
-15.5762 -4.78209
10.6375 10.585
-14.8023 -10.5215
-23.9049 -23.8804
9.20368 -12.9529
1.55932 -14.6239
-37.7988 7.11779
-15.1063 -5.47449
33.4114 -1.6924
-28.6402 -12.4091
-15.693 5.20016
-37.1666 -1.08592
33.9598 -20.8534
30.2802 -10.2231
2.80961 -18.3594
-10.6714 -8.90799
12.7696 -3.80632
-19.2552 3.21477
19.1498 30.4391
-2.53091 16.2573
-2.73162 32.6988
-34.0239 7.16585
18.7923 -2.23048
-3.70952 -17.2861
11.282 5.52014
-11.028 5.19926
6.41349 -17.5785
-16.8219 1.94743
-26.5498 -25.8313
19.2719 1.06594
-16.6158 9.42956
-11.7132 4.77145
-13.3654 -0.334588
-9.5421 14.9281
-3.08117 -18.3443
-31.9124 -2.34384
37.9072 1.43086
8.59467 -11.6747
22.437 -26.4266
-0.249277 -33.0268
13.1042 -28.1587
1.51642 18.9632
32.3722 -20.8263
-9.02871 16.0832
14.96 -3.82761
15.4254 1.02078
15.5147 -33.9942
-24.6858 25.6187
-17.3217 -36.0234
37.2327 9.98515
-4.36265 -38.3207
12.9944 2.08848
19.2071 0.0905804
2.65734 16.1427
-15.1345 9.82554
-26.396 22.2565
-5.79966 17.3112
-15.2801 33.8955
-5.64146 -18.0272
2.34264 16.3092
-12.999 9.3607
-33.5715 17.1458
-9.75146 34.5362
-14.3146 -12.4154
-6.49321 -17.7776
-12.6288 -31.5886
18.4455 -5.7309
-34.305 3.115
11.9022 3.15433
9.23025 30.7017
-16.8084 32.9418
-14.7914 -28.0689
-27.5662 -28.8242
-17.2305 -9.4142
-32.7364 12.9558
10.605 5.64285
13.953 -13.7903
30.9262 -3.31374
11.7583 8.40111
-2.63344 39.2177
-8.49045 16.6541
36.5347 -7.42191
-32.0944 14.8622
-33.9935 16.9113
-2.63786 16.3258
-13.3208 -7.04226
29.168 -26.0995
-29.284 -9.63966
-24.595 23.0705
0.0676569 -35.9006
-30.9543 -20.1786
29.9877 -25.9093
-13.6208 -33.9723
-0.454236 -39.0341
-32.8724 20.6948
-29.8411 19.3746
-29.9524 -6.72635
6.69182 -12.9417
-6.73668 16.7325
-10.5629 32.448
-12.7268 -10.2488
-33.0969 -5.47752
-4.73841 13.4903
9.41644 -28.5181
-18.9921 3.27674
-12.3759 30.5839
1.7278 -38.9154
-4.15251 -13.6627
-35.4272 4.50082
-8.02083 36.9105
-12.0861 6.5527
18.0044 -5.90983
-37.4551 1.9497
10.4005 -11.7542
-8.23503 -37.347
30.5852 -13.2161
30.8237 20.602
-11.2566 9.60439
-9.89125 -37.6
-4.49711 14.4164
14.0051 -36.6804
-9.0061 15.0093
-12.5049 5.66621
-20.0298 27.4529
26.5856 15.9187
-26.196 -19.4602
-16.4902 -8.99688
2.72935 -19.5343
29.4771 10.5628
-32.4893 -22.1709
-13.6559 -11.2332
-8.64021 -38.362
-15.2496 -0.0470428
-21.1561 23.1148
-10.4396 11.5554
6.80087 16.5272
30.0321 -11.6312
-16.2827 -26.6595
14.7965 -5.99192
29.8095 11.8576
4.22913 17.2334
13.2111 -36.4705
7.09722 18.6252
15.3408 11.9585
27.2212 16.0459
26.5401 15.8865
11.9286 3.25579
13.5201 13.8961
36.4096 9.46965
3.15162 31.0701
-9.11446 -13.3967
-19.42 2.20439
-30.7193 12.7058
13.3263 6.37077
33.269 21.1018
12.982 -11.0729
10.5092 35.5566
-8.81554 -16.5257
-2.02683 -35.3619
8.45527 17.9399
14.5126 -0.302648
-27.7029 -16.5737
38.4124 5.62269
-31.1684 12.6984
-6.25814 15.0845
-17.6478 -6.38429
34.7044 0.062645
1.1589 34.7245
-29.2231 26.8533
-20.1833 -26.9486
-6.84786 16.9029
13.0994 -5.94453
-19.3847 -3.20656
14.2452 10.0663
-38.8609 0.493952
-27.1368 26.6962
18.1292 5.35152
-21.3275 33.3669
13.5963 -6.59758
33.5022 18.6271
0.00635814 14.3286
-14.7332 -1.89268
5.14847 -38.2418
32.8657 4.70547
33.5798 -0.958252
6.90331 -18.043
5.50375 11.5921
26.8789 -14.7909
-14.0157 0.983473
-31.7659 11.0288
18.7959 -24.4456
-5.99503 -14.2881
19.5463 28.7823
-9.39758 35.1516
25.7794 -16.4884
24.0569 -30.1427
-5.33955 36.9623
-3.74297 -12.4242
-6.85719 13.0082
-4.71179 -12.1138
-11.5235 -14.4381
-3.99511 11.9216
12.3321 -14.0188
-3.44882 17.4649
-16.3716 -2.86782
2.48585 -34.0351
11.4003 8.13664
-16.2972 1.55456
-18.3738 -4.46213
-18.0068 -2.349
1.28575 33.2573
6.12598 -18.7652
10.0787 -38.2454
-2.7489 -14.2682
15.7833 -5.05242
1.83619 15.6137
12.4921 -4.43478
-32.6261 2.52197
10.8174 11.5344
-8.87217 13.3398
-16.6301 0.744942
4.44302 -15.3624
-17.8346 -1.35792
19.5047 -29.2025
30.3148 -3.85794
-38.3009 -11.2033
-33.602 20.8011
29.1512 -21.5377
-16.4547 -3.70576
-1.00134 19.3515
-12.5782 0.481399
-1.61372 -36.2128
29.1205 15.3708
15.7395 6.67094
-12.0689 35.13
-31.6596 11.9958
-16.9785 -5.40056
-33.0401 18.0068
7.05317 -16.3208
-24.7347 -20.8199
38.7417 5.17087
8.42009 -13.8362
-35.7134 6.42708
-9.95791 11.8605
-15.6925 8.67771
12.2951 11.6774
-39.8177 -2.96897
-27.8777 25.0622
13.7181 -9.87296
-17.4102 9.33879
-8.34051 8.65167
-28.5827 -23.9768
13.6925 -10.4068
20.7865 31.4479
-10.6458 -31.9121
-33.9078 -14.9252
6.25544 -11.9134
5.05787 -18.1013
39.3445 -3.35063
-14.9916 7.68985
6.80723 -35.2641
34.9405 7.59269
14.2571 6.73835
11.4206 6.19142
13.528 -9.05708
12.1251 10.7106
37.7255 -2.88445
-33.3037 12.9032
-23.8298 -30.4547
-13.7038 3.69023
-15.9799 9.33806
11.8331 8.47448
-37.5577 12.6472
29.7483 5.51953
-2.94357 15.1641
-15.6876 -5.26998
-8.79838 -13.9813
-26.5091 -19.7968
38.9645 -4.32127
24.4912 18.3468
-39.0395 0.064887
-14.822 -30.4871
-13.048 3.01448
12.2674 1.19957
-11.978 10.3926
12.9295 15.1132
10.9595 -30.5612
-9.51334 35.9141
1.76667 -31.0128
37.7952 2.7218
22.9208 31.0022
17.0984 5.99753
-13.0108 2.23961
-8.29806 -36.4092
31.2559 -14.8615
24.7384 -21.3544
29.6151 -20.6632
0.993511 -14.6441
4.24116 -38.241
29.0309 8.10518
-3.6153 -18.4391
-31.1786 -17.4119
0.836495 -17.2752
-1.80311 -13.1109
13.3065 -29.2956
2.56938 -13.1461
-20.5771 -25.4473
-37.4974 -0.229745
3.42522 -15.7687
2.77445 -35.2512
-31.784 -0.186273
-27.1529 26.5663
-14.7607 7.57577
-30.6853 4.00809
17.6397 -28.3735
-2.22015 -17.0478
-39.0001 -0.545683
37.5152 -3.9959
35.2843 -13.9092
6.85186 -10.1281
11.2816 32.3297
31.0132 10.041
8.3034 15.1276
-13.1327 30.5268
10.8847 -15.0972
-33.7624 9.92805
-8.74481 -32.8837
-26.1989 27.3344
-17.1853 -0.343186
0.0860111 16.0035
-15.309 -11.923
-1.15006 17.186
-14.9539 -26.0182
25.7806 -24.5505
1.95134 19.7093
-0.0153978 15.2053
-22.5585 -22.9029
5.5305 -17.4191
-27.6379 14.6196
-7.36074 -29.7729
35.0898 -18.2794
39.2347 4.71376
-30.0528 -12.1083
19.4768 31.557
17.7067 -7.79121
6.12043 15.8114
-33.8718 2.23941
12.7117 -9.53491
-14.6135 -12.7348
9.29575 -9.08507
9.12198 8.14343
-37.8054 12.1103
-17.4641 9.6693
-1.17664 30.317
-28.0369 22.9487
-4.8706 -17.7905
-3.20745 12.5103
-10.3361 -36.9034
-20.4021 22.2839
9.32838 -7.93279
19.3182 1.73565
-34.8371 -4.88368
-1.92738 16.4151
1.95009 33.1687
8.42611 9.18768
26.6738 15.1227
-17.1104 -0.222196
-2.81322 17.3006
-8.25797 36.6895
37.0957 7.79601
-1.40266 13.9852
-5.36174 -14.6844
-34.0013 7.61358
29.835 -10.648
12.7894 2.12218
23.9586 32.0245
14.8122 -29.6805
-3.21051 34.6982
-8.48753 -16.0589
-29.8588 -3.6469
38.4897 9.50552
-19.7632 -34.3682
11.4372 -5.22229
-18.9883 -32.3679
35.2026 18.4809
15.2609 -6.42206
-10.8302 7.74639
-16.7315 -1.33313
-36.4625 -0.691187
-9.50933 -9.23483
33.3607 -16.611
34.6161 -12.0417
-28.8883 -12.4684
-2.10028 -35.7282
0.804658 13.6265
11.9853 9.80307
-6.37227 -37.4845
-4.04992 -37.5064
-7.49569 -13.8054
6.69696 -18.0091
-32.716 -2.94706
11.5953 6.17586
4.43331 -18.4328
-27.7887 -15.5956
13.9007 -13.9704
-14.0996 -6.0663
1.44398 -36.5419
-26.0145 -29.627
4.51957 -12.4999
-15.1708 1.63722
30.2658 3.43203
-7.30463 18.3274
-14.1204 29.2225
0.898464 16.9263
20.7539 -30.1259
29.2178 -14.2296
35.3629 -1.94984
-31.6437 24.3753
-10.063 -13.1133
11.7962 -15.8943
-11.7323 -31.4575
-15.0433 5.84114
-14.8754 3.22404
24.1189 31.3185
-34.5334 18.256
5.9646 14.7591
-26.7782 27.2601
-13.8768 -27.1482
19.703 -27.3769
-16.4107 -0.745494
33.3887 -3.76675
21.1106 -33.0019
-29.4366 -11.7281
-24.8729 -30.7527
-13.997 -27.0322
13.8506 33.0366
8.38515 12.9777
-12.3105 -8.96523
-8.1261 -14.782
17.4758 -27.0171
-14.2648 5.10517
-15.0562 -34.1043
-33.3877 7.28607
5.90323 -34.6878
-30.0347 7.47508
-33.8084 2.02005
-1.60109 -15.0438
12.8815 -11.505
27.2831 -18.0059
2.80407 -19.0844
-13.4191 -14.4771
11.4671 -14.8691
-37.0678 -1.8588
9.05019 -9.17238
23.3288 28.5533
-2.20366 -17.4432
32.6082 15.6601
-12.7512 1.78458
0.311785 -33.0591
-17.9397 31.0625
-0.213234 -15.1646
16.8627 -2.4831
-4.92333 -36.4438
-34.6558 -17.9134
-15.4654 12.6774
-11.7946 3.4981
-9.34925 -15.1862
-15.7106 -36.3204
35.0455 -0.0999588
23.6587 -18.9727
14.9106 3.51582
-9.82747 11.1743
-30.3195 -18.2903
-12.4779 -0.355481
-5.30695 -12.9259
-35.84 7.98958
1.17206 -37.5928
17.2941 -1.87864
-30.9924 14.6421
-20.4693 31.5944
37.8969 -8.2016
6.38218 35.5276
-32.4247 -11.949
8.94582 11.4136
12.6572 -10.6564
-17.9445 -27.9226
-17.6112 -4.38564
15.9749 -28.0749
28.8681 15.1631
32.1248 5.04591
1.67832 12.6791
-39.0267 3.24781
-5.46639 10.7075
31.778 22.0486
-12.5953 6.27038
-33.0319 -11.0936
29.5394 11.2735
-38.9287 1.58087
0.762275 32.9629
9.52216 37.8038
18.8449 -24.4657
31.5005 18.0555
-32.1089 -18.4947
21.0068 -26.9901
13.0352 -37.4706
26.2647 -17.3768
14.046 -0.466103
5.73877 -37.8563
33.0724 14.9333
-27.2485 -14.6778
33.3716 13.49
-8.51046 -14.655
10.8588 -31.6316
17.7179 32.3268
8.35325 30.0799
24.3981 26.2012
-24.1769 30.0061
-18.5945 -0.830556
13.6068 -2.59804
26.8341 -14.2746
1.17849 -35.7585
-18.4049 -5.20662
12.5914 10.1205
-14.8693 7.12633
32.445 -15.4905
-9.81955 -11.1745
-10.8911 10.2387
-27.1788 23.2207
-12.0047 7.44437
-12.8666 -8.5913
27.9566 -26.9239
-12.7168 13.3436
-15.1646 -32.0048
-35.0516 -2.02936
-17.1579 10.1445
-33.5123 -2.33607
8.00652 -36.6987
-9.09663 -11.8466
-15.7658 26.8357
12.3641 -3.55273
20.5441 -27.6284
12.2406 -1.86518
25.5928 17.9638
6.08881 31.4023
-15.8705 -26.1797
-3.77169 -15.0162
24.7566 -22.4291
20.0581 -27.2335
9.51396 -7.7749
-12.4497 -9.39301
19.0467 -28.9188
-2.62721 -17.5975
15.0442 4.44865
35.3867 -10.9532
29.047 18.0074
-11.5709 31.3659
6.53394 30.1604
4.43856 -15.3207
-19.9393 -31.905
23.9184 -28.284
-10.7471 10.6627
-27.1354 -27.5745
-18.9366 3.58185
3.26972 -18.465
9.08461 -15.2334
-4.08433 19.3173
-16.4232 -6.56583
13.5127 30.3287
2.94493 -17.3753
-13.0708 -28.6152
-4.72079 -11.5638
31.1998 2.15285
-13.4994 -27.4432
5.10805 12.5588
32.5285 4.88106
14.3794 -10.1578
-15.0006 -32.1399
6.98453 -13.1462
12.4608 -36.1947
11.7721 27.8818
4.18266 35.2104
-31.9386 -6.8683
8.32313 34.7316
4.95078 -32.5543
-32.0339 1.17711
4.2586 -16.1237
-21.1255 -33.1982
-2.80205 -30.4355
-30.8338 20.4188
-23.3513 25.6137
-16.9323 6.31391
-0.908213 -13.1362
11.3023 33.827
-24.1454 -31.7241
-3.47118 14.6576
14.1475 -7.11287
-9.00878 9.20022
31.2887 -8.75534
-26.4578 18.2604
-3.59543 -39.059
31.2113 3.11252
10.6017 10.4539
-3.38914 -37.4451
12.6897 -7.68233
9.65679 -30.9873
13.0625 14.6492
-5.62888 -16.3435
-27.0183 27.3221
-26.007 -29.5562
-34.1958 -0.119967
-1.76522 19.6294
13.2207 -11.7165
9.65658 -32.8894
14.278 2.54883
-29.6011 -24.724
-14.4439 1.26976
24.0735 -28.8638
13.6019 -5.13683
-7.24924 30.3973
-16.9125 -6.69777
29.7194 12.5346
-31.728 10.2543
-18.5377 6.92431
-14.8664 -0.808135
5.98998 16.4213
18.8602 -2.10234
-18.2705 1.73658
9.44405 -10.4596
-13.9153 7.49903
5.25307 -17.9511
37.0356 10.7031
34.0529 -20.1042
-16.8946 -28.5053
-26.094 -15.6236
31.417 -20.5117
-12.4061 29.4672
-18.6672 -3.2972
19.3054 27.3097
-13.6923 6.99854
11.5767 4.66893
-20.497 31.2705
11.7038 -11.8695
36.7788 0.00666165
-3.35519 18.5286
26.3278 -17.1334
4.81538 13.3678
-18.3012 25.0258
16.5342 -0.796861
-13.797 -13.6419
-22.1598 -26.8078
-10.2957 -36.76
-28.6958 21.157
5.83001 -16.6762
-28.0097 23.8478
30.9295 3.00262
2.90587 32.2915
9.69643 -9.80031
-1.5565 -17.4973
-37.3352 1.12782
-32.4106 -13.3822
14.5657 -32.4537
6.54263 38.6981
-23.776 28.4678
10.0226 13.5392
-16.1994 7.47256
10.167 -12.6469
-31.3593 -16.4412
15.5312 12.1126
17.5938 6.05533
2.41216 -14.7463
-24.1839 22.0478
0.968785 -12.3656
-7.02278 -13.8074
-6.04977 17.482
12.5303 -12.6013
-11.0995 31.9359
18.8151 25.6667
37.5497 4.01085
-18.3214 2.0005
10.3737 8.99359
32.0274 16.7559
-9.3313 8.88902
-8.82749 -8.47173
14.8007 35.8488
-35.0637 -14.436
25.2322 -17.414
-17.1688 -28.7947
2.49901 -17.6956
6.0717 -37.4571
-18.5242 4.3095
-19.9387 1.02399
-33.3635 -21.0989
-13.4983 -14.3562
-16.6325 4.94108
15.3308 -4.66828
16.8121 -10.3333
39.1141 -4.1045
36.8613 9.69925
-19.1481 34.432
2.61509 12.079
7.09558 -18.104
-25.6796 27.8833
4.15399 19.332
-13.2256 -27.6772
34.6771 -9.28747
5.88679 -13.1532
-15.3927 -29.196
-18.1636 5.34543
-14.0092 0.0512111
-3.85669 15.7773
-10.346 7.96948
-32.1385 -5.77209
17.1543 -35.5333
6.67942 13.1537
-3.74322 19.3561
-32.0538 11.1118
-4.43041 15.5584
-2.05714 31.5544
1.35155 39.8791
8.02649 -13.5109
-7.68538 -14.8499
10.8909 -6.11592
-10.0148 -6.7652
17.1511 -8.47174
15.4888 1.61473
-6.03847 18.867
24.2141 -24.5448
13.1384 -0.664459
13.5929 -33.4489
-30.136 17.4077
-37.1815 0.174037
-12.3378 -2.3081
37.8386 10.0472
5.44274 31.7225
-13.6741 -3.72329
-21.7053 31.8999
10.4794 16.5142
32.0463 5.49903
15.4986 -7.51439
-12.523 -4.27003
-18.9707 -1.86337
31.9895 17.0172
-11.5977 -4.45349
-2.03154 -19.8005
-0.315507 -17.4198
-8.85412 10.0915
-14.2939 8.32119
36.9402 9.96465
-20.3507 -28.8206
-37.9168 -3.85564
2.64683 -33.4142
12.1214 -7.48043
12.2297 -35.1749
-25.6645 -19.0446
19.2594 -26.9997
-12.9147 -5.01562
3.86473 -37.8876
-15.439 11.3813
15.0929 11.0773
-6.95734 29.6316
35.1965 7.91322
16.3072 -4.63127
-32.6653 16.9765
-12.7731 31.6221
-5.22009 -31.3574
-8.81863 -14.6361
18.06 34.1269
-17.6722 8.97122
32.1369 -22.8327
18.2256 -31.8052
-36.5975 4.9791
-2.09952 16.9169
-14.8893 5.07154
4.00495 -17.5685
14.6252 6.48998
26.0758 -30.0234
-13.8532 -4.30548
6.41919 -11.2741
-23.5226 -26.8844
-11.88 -15.7263
-21.9853 -27.3629
-10.4544 -11.1297
28.6102 -20.3065
-20.9944 -28.6236
-26.3379 -29.6161
-34.2248 -12.1341
9.29294 -38.7225
21.3384 21.1734
-18.0948 -2.46622
-19.1591 -0.391788
-3.32751 14.7722
5.07861 -11.3563
-30.2379 18.9641
2.35491 19.1502
30.9165 -19.9728
17.3279 33.2729
-18.5792 -2.51305
-13.2686 -10.058
-7.85877 -34.8627
11.3622 -9.99925
-30.8759 11.6754
6.49729 -15.6014
-3.70143 -16.6793
-17.0732 9.825
11.7267 -12.6415
-18.1082 33.7216
12.7905 -12.215
35.4181 1.57582
-7.92902 9.57006
-15.3377 3.69451
-21.7746 -23.0729
10.1119 -28.9883
14.6623 0.413451
-16.5244 3.03908
2.81045 -11.856
1.99977 -17.4897
-2.85401 13.3043
21.9232 24.0647
10.0192 -9.52646
-12.9803 31.0886
4.86512 -37.9725
-0.110046 33.138
-12.3732 5.48021
28.0034 -23.3896
-11.5747 15.3889
13.6525 -9.65776
-11.5703 16.2105
27.7245 -12.2286
33.0361 21.307
-2.52601 -14.5172
37.2685 1.00348
-9.71104 36.1386
-2.37353 36.3405
-29.5746 -24.9015
-3.84069 39.1823
-19.7326 23.5431
14.0524 -35.1252
22.7668 26.2325
-5.64791 17.2056
36.8627 -1.25567
11.4757 34.6325
-31.2387 -8.62394
-35.6552 -12.1396
23.5995 27.296
30.5896 -16.476
16.449 6.08254
-10.2298 -16.5127
14.2192 2.55776
-19.0327 -29.5765
-17.2922 3.79071
-13.3701 4.45664
26.4307 -25.9437
-18.1499 0.170709
12.1462 3.84978
-4.76367 17.1159
28.2956 17.7392
-5.30493 16.7654
0.00390809 16.1485
19.5782 3.72963
-17.3208 7.82049
10.0606 7.3357
39.9297 0.356766
-8.146 30.4637
2.38835 15.8661
9.91155 28.6766
-3.98762 12.0137
2.05107 -33.476
15.0902 -26.4153
7.91143 10.8269
38.7613 -4.32869
-17.5871 -9.22209
-30.8115 -25.4751
3.27893 -19.3926
-5.07952 17.4479
5.8071 17.3879
27.026 -18.7877
-15.647 -10.5506
-18.3041 1.31055
-16.5219 -29.805
-2.95783 -12.0027
-12.7016 4.63525
6.15823 -13.1812
-20.3342 30.9818
30.8178 0.134577
-30.8895 -16.2279
5.76278 -15.9705
10.4695 36.4623
-5.11148 -34.9332
-3.88835 14.1766
6.75868 10.5653
-15.7743 2.48042
13.2562 7.32958
18.8288 0.297382
13.4643 -34.7707
-27.9606 -12.6087
-12.9737 36.6742
-28.5166 11.3063
34.0478 -9.77527
6.50753 -37.5549
-14.3485 11.315
10.9014 12.3768
-9.62975 31.999
6.92065 -14.7778
18.9238 -29.4406
-10.061 11.8456
-15.829 -4.44321
-8.39437 -37.6939
-15.6323 0.0349617
-11.8045 11.0018
12.9051 27.9631
18.1271 0.487601
-31.6919 14.6563
16.6968 -8.17277
-14.753 -6.51368
25.7499 -25.9529
0.100891 16.5779
5.09047 -16.0244
16.51 -3.61188
7.94235 -16.9648
-15.6578 -12.0378
12.5042 -9.64075
-30.3607 -14.8934
-18.6842 -6.74733
16.6441 9.41712
28.2772 17.7177
33.8582 -19.7448
4.49989 -13.3069
13.4288 -11.3313
-30.2196 -16.5449
6.5815 -10.1743
14.9594 10.4137
-12.0645 7.84667
-15.1192 -30.276
2.6543 30.3653
32.5491 -17.2929
7.96968 13.479
-17.5617 -26.6771
-19.2491 -1.14742
18.5056 -1.68104
16.7858 10.5337
19.7079 30.2444
-5.03871 -13.2667
13.9192 -36.383
-38.8835 -3.9302
-1.47533 39.7337
-2.37952 15.9749
-24.651 28.5883
16.412 5.19344
-26.6555 16.2051
-14.584 -6.69627
4.81642 14.0793
-7.29492 -14.0914
-6.21532 18.0301
15.6572 -2.71748
-31.2236 -1.11494
21.2199 29.3463
16.8615 -8.73904
5.94292 -35.7185
10.5972 -14.5883
8.91981 -11.7744
-11.4359 -15.8728
10.9306 13.0034
11.8251 -9.5997
28.383 -27.0715
16.8215 -7.16925
26.8338 -19.6376
-13.4763 -13.7212
-25.6159 -20.3388
29.1851 -11.6069
9.86021 -34.1379
-14.6641 2.02394
-9.85061 36.1322
-12.1033 2.1464
28.4901 15.1725
19.101 -3.84674
-31.8389 -3.9944
27.7881 15.1997
-17.5925 35.4066
-6.37386 10.7031
-1.59196 -15.63
13.5278 -8.03251
-34.9577 -0.218422
16.7153 -7.61687
-14.6312 10.3949
36.3631 -12.0974
-15.5199 36.4277
32.5565 -4.12658
-32.849 8.88835
-1.82772 16.4399
-0.85138 16.1239
14.8514 28.8179
-31.3279 7.84948
16.1403 -30.9768
33.683 10.9824
0.302451 16.7004
-13.8695 7.84053
-5.09889 -16.3356
-3.61488 -18.5202
-25.0811 24.3286
15.2175 3.0731
-35.1004 10.4859
-15.7141 8.61374
-24.428 -26.8071
-31.4481 18.8214
27.9808 24.3984
17.6621 7.06961
-34.6961 -13.5949
16.0192 -2.65011
0.758421 -15.3252
-1.90944 -16.9483
-18.16 -27.2538
2.15117 16.028
0.868817 13.1837
-12.559 6.8887
-2.25202 -35.7965
-19.3182 2.35843
5.22213 -33.6936
-12.425 -12.6862
17.451 9.42733
-13.6969 -13.518
30.7237 9.1268
-13.4705 5.04444
-20.8313 -27.3305
-30.784 7.30866
-31.8935 4.80277
37.2734 0.491681
-3.29969 35.421
12.3224 -10.9169
11.6771 14.5479
-30.0122 -8.9792
6.77959 -36.7142
6.14513 -10.5223
-0.328166 38.8399
-31.7303 -20.1503
-2.9787 -17.6968
39.4241 5.41385
14.3594 34.3808
14.8841 5.79288
27.5794 -26.979
9.0946 -13.3615
3.31518 -13.3727
3.26218 17.3288
33.6032 -17.9499
-6.13308 13.4907
-10.8867 34.2154
6.43086 -17.3163
26.6357 17.6236
26.3214 -19.5106
-34.746 -18.7081
-14.0392 -13.3838
-16.833 -2.33153
8.82062 -10.8591
-18.1148 8.25308
15.0127 -34.55
2.6577 -14.2486
-8.47407 -10.4855
-3.60584 -36.9298
0.580734 37.0285
-25.3726 -26.6496
-16.3164 -34.2853
11.9379 3.88355
-16.7793 -6.02428
14.7796 -34.2174
15.1683 -3.83384
3.316 -15.5781
-5.2627 15.7278
-17.5195 30.162
35.2007 -8.28482
13.5773 7.10787
-10.8289 37.7555
-4.80654 -17.2174
-37.2142 -4.50062
20.095 -29.7354
-29.1108 -18.479
-30.5113 -16.5173
-18.7453 26.5338
3.21209 12.2593
0.179105 18.0878
-11.3883 -8.21136
-32.3632 -19.9176
-9.85689 7.00518
0.162061 36.689
14.1232 13.9685
-16.4186 7.57682
15.1371 27.0915
-33.2773 9.55747
-7.40206 -32.4221
28.6564 12.1212
12.3273 -33.1259
11.8242 13.1386
-9.89609 7.08537
-28.3646 -24.2008
13.3798 0.602044
-3.60291 32.9323
23.7508 20.4044
12.3853 6.30828
28.8879 -17.1641
-1.60252 -38.1837
-14.8057 9.62351
-10.937 -9.47857
-28.5378 13.7201
-22.3305 23.3747
-7.55213 4.95608
1.69625 16.6695
1.19569 11.7606
19.9265 -14.6186
7.97332 6.59553
-19.0442 18.1865
-9.194 16.1686
-13.9094 3.81863
-19.9187 4.83582
-10.0473 -9.40491
-14.0294 -3.99849
-17.3834 13.3241
2.40854 -14.447
14.5052 11.4409
-7.28748 14.6942
-7.59248 12.691
4.13427 11.7926
4.51781 0.718336
10.9053 10.8521
2.07963 -1.12876
6.65295 2.62252
19.8316 -17.3482
13.7098 -1.71763
-5.68528 12.4455
19.2063 16.2023
5.05249 17.6488
-11.2909 19.2119
4.53329 -16.857
-4.86939 17.3905
-8.54812 -7.44052
-2.07331 9.99223
-18.2217 14.9211
-3.3675 18.3091
-7.90213 -3.75929
11.7835 11.8553
7.4085 -5.0869
19.5604 15.5908
6.49008 -2.04718
-11.5452 0.984687
-8.06287 -12.3939
6.16627 -16.6257
-12.4683 -1.85628
11.7831 -10.4758
-2.4852 -15.5014
-1.61806 -12.7731
-12.9638 12.1717
-18.1049 9.47015
-2.04853 -10.2942
-15.8051 -13.3458
7.42467 18.0863
-6.05314 -14.5283
8.16022 -2.75583
-6.56379 -10.4034
15.7178 -13.5047
-1.9365 -12.2132
-7.97933 8.89687
5.87846 -11.4693
8.81982 -9.53839
-4.86376 16.0272
-13.5672 -2.93547
-12.0377 -12.2704
18.7267 -4.45643
1.27785 -17.3206
10.6863 -15.4593
14.0476 6.70961
12.2519 14.1398
-0.531075 -2.55103
0.11967 -13.1637
1.46196 11.4521
-7.22601 -13.1517
-3.14382 9.53225
-7.41286 14.9299
-16.1065 -5.74298
-1.56831 5.8468
-8.21126 7.39609
-4.92857 12.4615
2.17353 9.2398
-19.2254 -6.39491
-0.108466 3.98707
-15.8278 0.345776
3.85975 18.7584
8.82233 -4.57875
5.94458 3.8782
-12.9219 -12.8175
-4.19395 -19.6783
0.0117599 -10.2359
-5.35739 -6.28294
4.60085 5.94582
13.7785 -14.7489
2.84051 -11.0806
-16.7758 11.0723
13.499 14.2261
-18.9775 13.1192
-3.99806 5.43879
-6.90052 -4.52579
-6.06208 16.3097
13.7265 2.48509
-2.31596 19.464
-15.1241 -5.26409
16.1503 -4.16802
-19.9931 -2.4675
2.56072 -8.18293
1.22991 -3.64071
19.586 -10.5297
-0.114268 -6.38574
13.4524 7.93644
-13.44 14.7465
-3.83357 17.6115
14.4076 -12.9163
-3.24356 -14.0653
13.777 -12.4998
12.801 10.7325
-15.8594 -9.37546
7.36706 -13.2865
6.25997 9.05762
8.33121 16.5411
0.0724466 7.52617
1.05138 -16.627
-18.6564 7.91137
-10.0547 -7.32918
6.08469 -0.879801
0.291818 -11.7396
-9.63196 -8.69183
11.2382 -5.17927
11.3742 16.2787
17.8682 -6.83568
12.4074 15.4551
-0.971988 8.77762
-12.0446 2.84367
-17.0187 4.94016
-6.1039 -9.09741
-4.26009 11.7963
0.539464 -7.17196
-19.495 14.8167
19.4221 12.1484
3.26533 -8.28765
-12.4291 -14.9836
5.07972 -8.10228
-6.61404 13.278
11.712 10.0844
2.23918 -14.2181
-4.8059 5.43447
3.9557 -1.00193
-3.66236 0.727206
19.0775 -10.0091
1.99491 18.061
-10.0605 10.9212
9.03189 -10.6377
18.3876 -1.57748
13.2043 19.6653
4.74447 7.61779
-6.96344 -13.3618
0.773531 15.2932
-4.35312 -3.51439
-19.4123 6.78481
-15.7659 -18.4328
14.4916 1.57589
16.5058 -2.47087
5.29418 1.59136
4.57114 13.2389
8.11885 -16.92
-12.4579 2.60058
-18.7816 -13.3144
-9.11319 -11.1961
13.0258 14.3358
0.147925 4.03938
13.5586 8.80846
2.64387 11.9547
-13.7989 -9.53821
3.89396 -4.92593
-11.1554 10.0194
-2.37928 1.8838
-8.9413 -19.9408
-15.6968 -10.9347
8.33693 9.87068
19.1867 16.7635
-1.19651 -16.2426
-15.3178 14.7944
14.6517 -7.87941
13.0353 -15.144
11.928 -11.4664
15.3386 18.7058
-7.80557 -10.8222
-0.283505 -5.44834
-13.327 13.9322
-2.70392 -14.2517
-17.29 -15.1898
-0.708828 15.7069
-8.8464 9.79375
18.3187 10.4453
17.9488 19.9994
-17.9681 -2.87675
5.34446 8.5089
18.688 -4.10884
-3.38143 -18.8366
12.6598 -12.6013
-3.93664 7.15716
-16.6661 -13.7657
-14.9986 11.8549
16.134 9.19101
17.5896 0.670742
-4.37667 11.8566
-2.57265 -5.78196
19.1009 -4.18747
12.2373 18.5556
-2.4897 -18.2666
7.97543 1.28124
-3.73718 -0.707067
5.19571 14.0704
-7.05928 -16.9501
5.33623 17.4648
-2.18562 -12.033
-16.7161 -2.76597
-12.5114 16.8142
13.4173 -6.53091
5.67214 7.35119
16.333 -5.29269
-11.0968 5.75628
17.7739 -15.5127
11.8472 16.8935
2.59002 -5.73276
-0.112488 12.6304
-1.67511 10.5304
-17.5259 -15.258
10.5865 -17.6527
-2.54904 1.89745
-17.1378 -13.7378
-19.3275 -13.8805
8.16686 -5.00478
-6.65227 7.83868
0.0827318 -13.7974
18.2452 4.80726
2.11806 3.25163
3.2384 -18.398
0.194926 0.239841
-1.83966 19.6389
7.31439 -2.43938
10.1422 16.117
-8.08363 -6.82369
-7.13244 -8.62852
0.695429 5.14045
0.0264685 -6.54072
11.2456 -9.52247
-19.9787 -9.06095
-8.26689 -6.73426
12.1553 5.72863
-15.0825 10.9088
16.1008 16.6533
3.87386 2.72244
-8.90981 -19.6831
9.43593 -0.0185361
15.0082 2.02166
-6.72196 -15.3424
3.25979 2.28179
6.15364 4.6981
19.1472 19.2302
3.61798 -16.5004
-18.7787 14.8651
-11.4834 -19.9238
19.3244 -5.04065
2.95797 16.1799
-12.8029 -7.30025
16.3149 5.73407
3.81302 18.9169
11.8106 -2.28959
-8.25772 17.5889
13.9571 1.12476
-14.2129 -11.7989
1.18081 5.33869
17.946 18.7809
8.36619 13.216
7.29825 2.04986
12.2347 4.49811
17.274 -0.682212
4.31618 14.9379
10.5879 -9.7597
-19.9671 -9.01614
10.351 -17.0857
1.63156 -2.29628
17.4552 8.02506
-10.3184 -4.97766
-4.51723 -9.35307
7.5592 15.3032
6.2419 4.98754
4.22092 12.985
15.3625 -7.78911
-18.8311 1.87999
19.6198 14.4143
-11.0827 6.04869
-13.4106 4.54444
-14.8243 -7.61255
-17.2671 1.24223
-12.4869 13.636
-12.3172 -1.34835
-0.812719 -18.0744
-11.4912 7.35461
-12.8744 -12.5454
10.5885 -6.38629
3.96189 -9.44732
15.9639 -14.402
